"ABronte_TheTenantofWildfellHall" "Aguilar_HomeInfluence" "Aguilar_ValeofCedars" "Alcott_LittleWomen" "ATrollope_BarchesterTowers" "ATrollope_PhineasFinn" "Austen_MansfieldPark" "Austen_PrideandPrejudice" "Austen_SenseandSensibility" "Barr_JanVeeder'sWife" "Barr_TheMaidofMaidenLane" "Barrie_PeterPan" "Beckford_Vathek" "Bellamy_Eleonora" "Bellamy_LookingBackward" "Bennett_GrandBabylonHotel" "Blackmore_LornaDoone" "Bonhote_BungayCastle" "Borrow_TheBibleinSpain" "Braddon_HenryDunbar" "Braddon_LadyAudley'sSecret" "Braddon_TheGoldenCalf" "Broughton_Alas" "Brown_ArthurMervyn" "Brown_Wieland" "Burney_Camilla" "Burney_Cecilia" "Burney_Evelina" "Cahan_TheRiseofDavidLevinsky" "Carroll_Alice'sAdventureinWonderland" "Carroll_ThroughtheLookingGlass" "Cather_Alexander'sBridge" "CBronte_JaneEyre" "Child_Philothea" "Chopin_AtFault" "Chopin_TheAwakening" "Collins_Basil" "Collins_TheWomaninWhite" "Conrad_HeartofDarkness" "Cooper_TheLastoftheMohicans" "Cooper_ThePioneers" "Craik_Agatha'sHusband" "Craik_JohnHalifax" "Crane_TheRedBadgeofCourage" "Crockett_TheRedAxe" "Dickens_ATaleofTwoCities" "Dickens_GreatExpectations" "Disraeli_Venetia" "Disraeli_VivianGrey" "DosPassos_ThreeSoldiers" "Doyle_TheDoingsofRafflesHaw" "Doyle_TheMysteryoftheCloomber" "Dreiser_SisterCarrie" "Dreiser_TheFinancier" "EBronte_WutheringHeights" "Edgeworth_Belinda" "Edgeworth_CastleRackrent" "Edgeworth_Leonora" "Eliot_Romola" "Eliot_TheMillontheFloss" "Fitzgerald_TheBeautifulandtheDamned" "Fitzgerald_ThisSideofParadise" "Ford_TheGoodSoldier" "Forster_ARoomWithaView" "Forster_HowardsEnd" "Foster_TheCoquette" "Freeman_Pembroke" "FTrollope_ACharmingFellow" "FTrollope_ThatUnfortunateMarriage" "FTrollope_TheWidowBarnaby" "Galt_AnnalsoftheParish" "Gaskell_MaryBarton" "Gaskell_NorthandSouth" "Gissing_NewGrubStreet" "Gissing_TheOddWomen" "Godwin_CalebWilliams" "Grand_TheHeavenlyTwins" "Hardy_FarFromtheMaddingCrowd" "Hardy_TessoftheD'Urbervilles" "Harraden_ShipsThatPassintheNight" "Hawthorne_TheHouseoftheSevenGables" "Hawthorne_TheScarletLetter" "Hays_EmmaCourtney" "Hogg_ThreePerilsofMan" "Hope_ThePrisonerofZenda" "James_PortraitofaLady" "James_TheAmbassadors" "Joyce_APortraitoftheArtistasaYoungMan" "Joyce_Ulysses" "Kingsley_AltonLocke" "Kingsley_Hypatia" "Kipling_Kim" "Kipling_TheJungleBook" "Lawrence_SonsandLovers" "Lewis_TheBravoofVenice" "Lewis_TheMonk" "London_TheCalloftheWild" "London_WhiteFang" "Lyall_WeTwo" "Mackenzie_TheManofFeeling" "Mansfield_TheAloe" "Martineau_Deerbrook" "Melville_MobyDick" "More_CoelebsinSearchofaWife" "Murfree_TheFrontiersmanl" "Norris_TheOctopus" "Norris_ThePit" "Opie_AdelineMowbray" "Orczy_TheScarletPimpernel" "Peacock_HeadlongHall" "Peacock_MaidMarian" "Peacock_NightmareAbbeyl" "Poe_TheNarrativeofArthurGordonPym" "Radcliffe_ASicilianRomance" "Radcliffe_TheMysteriesofUdolpho" "Rowson_CharlotteTemple" "Scott_Ivanhoe" "Scott_RobRoy" "Scott_Saint Ronan's Well" "Scott_Waverley" "Sewell_BlackBeauty" "Shelley_Frankenstein" "Shelley_Mathilda" "Sinclair_TheJungle" "SLewis_TheInnocentst.xt" "SLewis_TheJob" "Smollett_TheExpedictionofHenryClinker" "Stein_ThreeLives" "Stevenson_JekyllandHyde" "Stevenson_TreasureIsland" "Stoker_Dracula" "Stowe_UncleTom'sCabin" "Thackeray_VanityFair" "Trollope_TheVicarofWrexham" "Twain_TheAdventuresofHuckleberryFinn" "Twain_TheAdventuresofTomSawyer" "Ward_RobertElsmere" "Webb_GonetoEart" "Wells._TheTimeMachine" "Wharton_EthanFrome" "Wharton_TheAgeofInnocence" "Wharton_TheHouseofMirth" "Wilde_ThePictureofDorianGray" "Wollstonecraft_Maria" "Wollstonecraft_Mary" "Woolf_Mrs.Dalloway" "Woolf_Orlando" "Woolf_TotheLighthouse" "Yonge_Abbeychurch" "Yonge_Henrietta'sWish" "Yonge_TheHeirofRedcliffel"
"ABronte_TheTenantofWildfellHall" 0 0.935705646430436 1.1309344954365 0.964175755791905 1.0409792287937 1.0249160748501 0.92290994195973 0.919239673398704 0.967256401305586 0.971307418987111 0.756416028080508 1.20504939906965 1.58209267288176 1.18054501278096 1.06030782659636 0.97178312758654 0.86977851459715 1.17031700818544 1.26550532495516 1.10855418509764 1.00730482527166 0.896052213170459 1.07132577537791 1.14712452019219 1.33866286959856 0.862038021504629 0.84385627223161 0.735902232629488 1.10103645250722 1.32945877567784 1.3072105377923 1.24092418001022 0.688326185008968 1.24566438893606 1.13906706976768 1.29768074043144 0.906955903170153 1.00788067596076 1.28693636876544 1.44185908330671 1.18712987308109 0.831959961264341 0.807901516377462 1.85936340642428 0.938972322724443 1.01589592267241 0.907392255640885 0.953508448110869 1.02278527518109 1.63028566302734 1.02445152173055 1.05386333501338 1.16251253529129 1.03565778000591 0.722574553217085 0.77243650768262 1.04387886315401 0.974474049120366 1.08231514527641 0.874356407516374 1.26501261991312 1.12679560916464 1.15635202016899 0.952724357945634 0.886194782910094 1.06212965583766 1.35189514797196 0.823736664742881 0.87710165400746 0.766848308845313 1.43014472127016 0.83449221092309 0.777412910196972 0.732020819062304 0.807790309378238 1.11231273753331 0.831149647286259 0.997043367215445 1.01211222764859 1.02976843955155 1.14767289716997 1.2473058013395 1.17719678751051 1.07183642899736 0.944475085976739 1.02723997144094 1.21038128958429 1.35334440063704 1.35176872712724 1.00155787085048 0.900078521299631 1.15113337088162 1.29392360733216 1.28049938691627 1.0099455260801 1.13925965613125 1.82060959308006 1.6443016466649 0.959566616009013 1.32255186967473 1.45507073870777 0.922959816299726 1.22997054185284 1.12870008642134 1.53483096658969 1.31395414247475 1.07435454145528 0.870769313117465 1.0075714214771 1.4363304473582 1.23703026595709 1.20948788608814 1.48384500321606 1.70380941913936 1.1248265415727 1.00431450181603 1.19489413017945 1.01798547295336 0.859057849001724 1.21963070296889 1.07353755828768 1.11655268862842 0.96273175952132 1.55738407422299 1.25236775021984 1.23297707155753 1.22888400395287 1.85973548214106 1.00755779517887 1.12027250093773 0.892797922113897 0.951850640634162 1.18758771879384 0.781565107970584 1.59838396511699 1.10935430074154 1.10102495910791 1.15063671187465 1.39996208858494 1.44176970019715 1.24379730625606 1.12345666580382 1.09379748365743 1.30114921084883 1.44761367967271 1.4511643718077 1.23950577354831 1.53794127591518 0.938004040459303 0.829475156411414 0.853336007899647
"Aguilar_HomeInfluence" 0.935705646430436 0 0.937411420165257 1.13833209925546 0.987384927731856 1.13367327155665 0.74391201890513 0.764365172411072 0.744661182478771 1.17852433358305 1.02496360866935 1.44415555210332 1.6350616459336 1.32049007043714 1.11827882647113 1.29841163274356 1.09124082827525 1.06113628532915 1.46778512185058 1.24725831063011 1.16205377999961 1.06329608776113 1.24029928046792 1.35547201287568 1.50788364688231 1.01819678726217 1.01545588830138 1.0954511129348 1.41750499134189 1.56182141427933 1.54589086214383 1.45822876139306 1.09920208573252 1.31502968723796 1.28122996860819 1.29560504060166 1.11842333823794 1.21074382223406 1.56417564184451 1.48294158887774 1.32279791395711 1.01701614034006 1.08239239798452 2.04179217634498 1.29457543666353 1.25802955218289 1.30033914546684 0.961927968836277 1.21059932389297 1.91058172011042 1.27303043304778 1.25907683114225 1.36077575121294 1.14454784672666 1.15441268696453 0.99733000897525 1.34842631316201 1.22845940831122 1.15959897215617 1.03324231646555 1.45038115000281 1.36424792815455 1.24882226770335 1.16618848685778 1.10045977559289 1.26640059629492 1.52950591817122 0.952300294730206 1.01020246505757 0.821813758257545 1.47668586585201 0.977716500781278 0.854873431321516 1.0714740317078 0.954085525874796 1.20386887889416 1.02437861340553 1.23929141594246 1.06587771782117 1.21456217252088 1.26005043610534 1.31389641368586 1.36356621500819 1.35059185901275 1.35828234872107 1.16461629439312 1.28211343779217 1.51799366647183 1.63332453677886 1.24656509221282 1.11259904300166 1.47536008606023 1.54389718608512 1.52999482709156 1.33760740708593 1.32133909122163 1.91118457454936 1.79402335824948 1.02638259831101 1.44036403006351 1.58288689861792 0.931247382881149 1.42631213926256 1.11924574373961 1.58425285845788 1.5491503222958 1.37782013537425 0.940826463294469 1.14324846773734 1.58352685321665 1.40363885115024 1.33559955170764 1.54184878536165 1.67283306561105 1.11782074134155 1.1204173745128 1.3574229097488 1.19467140903551 1.07131979701279 1.31297450048532 1.43831954668095 1.20288188090776 1.10736682343839 1.65360831543102 1.4079433383068 1.29185966132539 1.34254969264157 1.8620860763191 1.32639969246842 1.48196874956515 1.17550612295366 1.30064180878456 1.30402054945188 0.803036024570618 2.01965624888229 1.5005798258538 1.22984924965944 1.31398938113138 1.67328876117434 1.57311201567601 1.29570254777846 1.10025477075181 1.3445962566833 1.2826008741973 1.25899877552849 1.49922947696204 1.36946095762115 1.55041294646474 0.995353769226714 0.829526018853394 0.866821376892489
"Aguilar_ValeofCedars" 1.1309344954365 0.937411420165257 0 1.24797564619708 1.02985232583696 1.31846254093083 1.09906576379237 1.06185736629732 1.07745131763458 1.06917252272167 1.17112893534692 1.30628886151153 1.05960125970206 0.953836754545705 1.01623286763641 1.11121140724035 1.13799045424112 0.656022419801584 0.98862299617072 1.04453223657384 1.01236785362169 0.970154623215138 1.23234052858871 0.959932841274589 1.02511326689451 0.965239976270283 1.12763610622576 1.280607571403 1.18077053219746 1.57858944800975 1.68299951537189 1.32458088422252 1.0452586923259 0.817548724189498 1.02645838381758 1.19090230812 0.995972117807382 1.04826557533136 1.23157141160203 0.913751155847442 0.918842292134629 1.08137953747316 1.08182976711995 1.46824724881345 1.01659468369454 1.01253719709865 1.21688344147845 0.84343214462903 0.943517613313708 1.50921756377324 1.2283939042755 1.06767262079377 1.23280286606926 1.14768208169648 1.05929158231108 1.15011182913854 1.20248165438031 1.2633202757593 0.82308060995247 1.04875539463029 1.09778208535182 1.14640015104638 1.24807256759569 1.26461102820903 1.15064989841157 1.18155062570602 1.4691151852201 0.962538940409155 1.04477008147456 1.07505671544181 1.08202654913013 0.939167652446182 1.04928225270321 1.16727539531399 1.13738250226762 0.96739088388906 1.0245028290311 0.953985588198048 0.802015320219173 1.41024808035081 0.856814694612795 0.791791594008093 1.00735227041531 0.947079695851771 1.05107656994655 1.24368164642379 1.30668651779949 1.09968666087808 1.20869815260531 0.979899963759284 0.868357948955765 1.15428835108532 1.31982614639127 1.41272071059886 1.02561924635885 0.851344088195887 1.33967282306956 1.30301779272837 1.00307869418921 1.09394673263132 1.40314245488897 1.22189183072799 0.993293364130406 0.949906913483278 0.893587578070351 1.10291384063989 1.11394813385102 0.848159628737243 0.813256150186575 1.12545917203319 0.988401145098215 1.07728342833887 1.04666433464187 1.08410089293627 0.771299241097927 0.961434140115481 0.811644711910166 0.856570714770287 0.955746335636356 0.836605324109473 1.57437353847007 0.770682149225029 0.912059435919737 1.32876696432384 1.14481281374007 1.14414012127935 1.02370960491662 2.19945186444605 1.02188421831607 1.16623538718228 1.22588854782348 1.15787973031242 0.985160395992608 0.909589467836362 1.88666161838947 1.26023385800038 0.891578326199023 1.12546014676713 1.25529216509169 1.23774214569419 1.0097375911039 0.882860529103122 1.25500003436254 0.866463923366333 1.01570395577375 1.24447445293265 0.898285652894445 1.38473447284355 1.3913546933982 1.07418752939451 1.18116239972379
"Alcott_LittleWomen" 0.964175755791905 1.13833209925546 1.24797564619708 0 1.1365197146723 1.24889418650464 1.14279770515726 1.17688804689061 1.21686179755797 0.878748995734125 0.842327020030832 1.07118327206609 1.4494048361314 0.982092726338273 1.20321760639395 0.999778188891503 0.821158266545629 1.23175230743973 1.19903588894399 1.05516879637706 1.00092931060569 0.776565246531525 1.07399210827143 1.47653902532221 1.64354843441384 1.0410771675181 1.1694999674559 1.17246619069718 0.919207478695218 0.928555265903927 0.930195231669361 0.89554918495625 0.858104486891216 1.12495237249397 0.93239442887182 0.95837438418071 1.04787114421514 1.12257102120535 1.0997313329921 1.30146363040169 1.02017212149489 0.723208015789341 0.761972352254961 1.59094630396568 0.795513188631767 0.92592154578228 0.944651228263216 0.97012233273792 1.02713530055426 1.25364546366828 1.06621764059406 1.09843363000489 0.945514825759187 1.01670677673833 0.861691495504494 1.06283965357482 0.949101928020285 1.47515787824905 1.08296426076271 0.816851616310146 0.953735512854726 0.812578607528032 1.00134412540766 0.833756426957525 0.787653578382537 1.33064421048495 1.00407729992828 0.864677725105761 0.885458255848703 0.939381541942757 1.20761396966961 0.685780703426148 0.802324519454492 0.965817509828498 0.899123303978791 1.41207239536754 0.773936087829197 0.920745963023171 0.897322126867392 0.98781787412835 1.11279880031498 1.21095068142747 1.38033056353894 0.925747603338101 1.03868936156038 0.975932270999843 1.11789241503038 1.12687341920775 1.07235940409767 0.882636688038036 0.926905512726052 0.951688123566975 0.969132978030016 0.955868518073507 1.17974048095188 1.26129104862189 1.51549723315148 1.44719086895903 0.765849153513866 1.27125871216729 0.903420150487639 1.06251592010302 1.10310195310449 1.19339442640967 1.38013168113287 1.05802570349462 0.843397224107817 0.972127525778362 0.954557704465993 1.26805304956583 1.02382224574738 1.10914321295912 1.36637112236865 1.52465530463345 1.07749959783942 1.06210203502361 1.19299000187176 1.04848518798707 1.02023577111581 1.22242064643146 0.93870496885748 1.2323721937486 1.21760370181797 1.34389525336893 0.88827747052032 0.799502944633069 1.23776014557179 1.70467795814071 1.0536886245004 0.912634690074032 0.984950380127738 0.667108899624468 0.871884170150904 0.986835521740311 1.2980197955979 0.90961215204283 0.931309261790702 0.788266896311292 1.26419717253177 1.11737602404807 0.955306668518515 0.965180844316629 1.01445948640939 1.32175480749816 1.3253317558064 1.08319377612532 1.04578112967697 1.3265130339701 1.03467470387338 0.802553745448261 0.920908076758406
"ATrollope_BarchesterTowers" 1.0409792287937 0.987384927731856 1.02985232583696 1.1365197146723 0 0.633089838323421 0.796874334895526 0.751960110566225 0.862349406228822 0.948182482654899 0.924732491880972 1.12761086169681 1.50980690165524 1.00852185647749 1.1345716822107 0.867858274555422 1.04299921725359 1.01263652796286 1.26135588790612 0.965744649877428 0.95751933702784 0.798238259652502 1.06957724433073 1.20613397250352 1.33544481004588 0.912487284123996 0.946965426108766 1.01244303276028 1.1375496249356 1.41762708834684 1.56178374629923 1.24288212344484 0.997596066603498 1.21096213552088 1.03796581515653 1.1943352081969 1.10292949644366 1.04628731196048 1.17927865376855 1.2731893857987 1.03958866635649 0.875703385838809 0.923510003350036 1.6100952304322 1.05327691511763 0.886127696451474 1.00562038640062 0.917183006373236 1.02351463808503 1.46350396367907 1.02257374893129 1.07065233202282 1.03374922253921 0.866984417511093 0.998097772139553 0.869882004667543 1.08217768920732 1.33074433151896 0.876890158399452 0.775222978564441 1.12728149794748 1.10426460158897 0.981964048128919 0.921014823671402 0.939797474505655 1.29438154582307 1.28953323075197 0.59745785045274 0.643910133077894 0.813877595461716 1.31922548699339 0.916718334265679 0.788387384030561 0.825332595420834 0.917566441319638 0.970420401725934 0.832409619575394 0.906435350567683 0.852251608359368 1.05220403551783 0.977333083966916 1.0679123617669 1.34996884897083 1.04613261182245 1.06965453047765 0.973711119749826 1.09316150234706 1.26672855966646 1.34744165465976 1.0946605517992 1.07219487770871 1.13199197910904 1.30948404717952 1.18117057197718 1.11749230546112 1.16256787189983 1.66896762817947 1.52841034769469 0.786963098628293 1.16726969252898 1.41415280549856 0.878022925792934 1.24816712334175 1.04651785472393 1.3863041124621 1.16625071398236 1.10231092971628 0.921853551494255 0.888890689602796 1.24834403718886 1.15036577002246 1.11040474443015 1.44953603700448 1.649949204414 1.08610830885236 1.01838674843765 1.16962521885713 1.03286046312063 0.886797655457032 1.17656085707241 1.30406639847576 1.24668219865659 1.23843073850911 1.40629332733367 1.17527100161908 1.11539193355686 1.08425951924112 1.88212844780933 1.0184941317517 1.2298891473121 1.1171038227346 1.0647740348495 0.987508296413394 0.805943023201824 1.86490882454419 1.23832677544955 0.915118055835441 1.05225882790757 1.47207137755346 1.3116214450189 0.949501679421752 0.907202507435537 1.06431158984895 1.29961799385091 1.32295836356316 1.2006332891157 1.15137399853822 1.31565571594426 1.09446711830171 0.808090575725575 0.776679673348588
"ATrollope_PhineasFinn" 1.0249160748501 1.13367327155665 1.31846254093083 1.24889418650464 0.633089838323421 0 0.897524724456648 0.868775941757773 1.01779479425397 1.05036359241436 0.972489981334864 1.24340665882752 1.804156120146 1.29433403300039 1.2244532945307 0.972861927187743 1.12571621527105 1.30825753841097 1.46051963585587 1.05288649011182 1.10248092263695 0.920068401757185 1.17743516108795 1.43604656219855 1.59478014981505 1.18460009784126 1.10860710618082 1.05809183071907 1.27988680269909 1.46081458461564 1.56737608897276 1.29179242365453 1.07436816643143 1.44632348056304 1.25615599241719 1.39783824062442 1.24072317389884 1.24115968625007 1.29123338777778 1.55376709886685 1.29365065813372 0.963197569401296 0.996167844190245 1.82079367182241 1.20600939938413 1.06733749327931 1.02310178475722 1.10602063735115 1.17234717101456 1.72101845383535 1.09148136271598 1.17437143539721 1.16542271211481 0.94844943436458 1.12132272066161 0.96283820711991 1.25323842195365 1.36370528678173 1.06139993869036 0.886055411147428 1.35497066769433 1.28469666967649 1.07480194618979 1.00362414189782 1.02833905450854 1.47280373692612 1.37530570038989 0.820466756800443 0.86018950207433 0.920251239777061 1.51359166761618 1.03634024487751 0.846545779598035 0.775071189493944 0.863475217909038 1.19245820153391 0.929507606451164 1.08427067121136 1.06500961474899 0.980038342534204 1.24165752179813 1.34364801297264 1.55734520839177 1.28292453931744 1.19562567637132 0.954410322851645 1.1398834306509 1.48399879339755 1.59952218782992 1.25992264198903 1.17137399005153 1.25667914171405 1.43135672538344 1.35308215985289 1.28692602051648 1.47635037308576 1.87890188436758 1.70098425041583 0.963976044161614 1.37310671651885 1.68221060667695 0.860231514600537 1.42870278926613 1.28421017056426 1.67755446561794 1.43214763547877 1.27661939267235 1.16573606497473 1.13053771166606 1.56889794504094 1.4620125352236 1.37456733864428 1.63077896314667 1.93869199090252 1.34557235451564 1.26237724733903 1.44541545147106 1.27497892794563 1.01310435357963 1.45246628526762 1.2584889573345 1.45545095474086 1.32467040324796 1.43133619931928 1.43253328584758 1.38502013961248 1.36674911890061 1.98463837193387 1.19300089397724 1.38925174209459 1.09913549365029 1.18465992590777 1.2623381727101 0.914722361359568 1.85194079226605 1.35079076657028 1.19097087109186 1.25766413122646 1.64342634302722 1.48350669671077 1.23909257884895 1.20015209176541 1.04745673126355 1.53920265006297 1.5896402347241 1.39029676876849 1.3979518403217 1.4734724006566 1.07015600837882 0.920595183447861 0.798499688498221
"Austen_MansfieldPark" 0.92290994195973 0.74391201890513 1.09906576379237 1.14279770515726 0.796874334895526 0.897524724456648 0 0.505495277820137 0.436516047329063 1.07926563612497 0.933391488878412 1.32976522438308 1.59450559644452 1.23091833390132 0.97981753003566 1.165198433478 0.959253765084735 1.03636525700257 1.32087382251907 1.13723283263501 1.1549077824443 0.872689331956235 1.14200310330157 1.19192112033021 1.43644443265227 0.912907401121465 0.903843775137429 0.979088879503127 1.26196946834777 1.43512894782815 1.54319977586064 1.41768796201244 1.00557198799834 1.310941519983 1.22066649512086 1.26153526512511 1.13652221263761 1.14543652305685 1.36992220700016 1.44534555290507 1.21072116504086 0.909302063904934 0.978929380365478 1.9056412491574 1.15975277267269 1.08058094970899 1.17578253591421 0.913402536887707 1.08322145647984 1.77200686059503 1.12443322559031 1.09889424905033 1.20171275841186 1.00114702022493 1.17603115721154 0.933314410215572 1.14706683198391 1.17141661656178 1.03614306112014 0.890961171281584 1.33009982661462 1.29653139369593 1.08189289321473 1.09394880008701 1.01677991150286 1.27700737821987 1.52871451994096 0.809829417398804 0.825298007513211 0.711188804852198 1.38626721081583 0.918722331157984 0.710800010486638 0.868671840211857 0.79103088988056 1.08300484370155 0.884066449155469 1.0680335112578 0.958640504015203 1.0835098320225 1.07160937590686 1.14766249597718 1.35702521563355 1.21994862445582 1.276630352379 0.990982336438282 1.16434723118394 1.49731660319627 1.54260859173941 1.14681044269334 1.09123849419705 1.3405720873135 1.51982365820789 1.46273302828069 1.19585867976435 1.32496199665439 1.88623124281374 1.73341093921448 0.835772827003502 1.33449941298222 1.49758326619644 0.788694026632083 1.34836369804546 1.03543885371398 1.51824167932762 1.39115592613886 1.23128850297043 0.960028489405263 1.11627788394196 1.49593035062669 1.33947496936945 1.23777953219633 1.43452077360524 1.69031645331262 1.1853916651766 1.09849792702294 1.28858659973657 1.11463254444835 0.920908998547504 1.25294285800659 1.32385028860281 1.30587243136455 1.18508123184394 1.54017446644865 1.34109771701138 1.20635378289024 1.2229770675289 1.79988853989088 1.19616797639606 1.36808428100018 1.13868037501923 1.19090894175898 1.18575978305043 0.800444872522087 1.95479380277937 1.38691136269217 1.11662478036891 1.21923632973204 1.58123133611649 1.55225958458929 1.2446512504858 1.05452310748365 1.2394114478701 1.27709445354102 1.28978522684001 1.37362976409798 1.22713294062052 1.53794786583382 0.930523304000329 0.634883791455085 0.744116661569751
"Austen_PrideandPrejudice" 0.919239673398704 0.764365172411072 1.06185736629732 1.17688804689061 0.751960110566225 0.868775941757773 0.505495277820137 0 0.392553679751556 1.13543494156549 0.904839552384949 1.23665073722203 1.47683953328026 1.22375896870551 0.894006467795455 1.09010662417325 1.04716674812218 1.01676654990293 1.2406046677394 1.10366971362946 1.07559782315446 0.855043747030851 1.10436450983627 1.20691272512015 1.39681120536206 0.884074046412469 0.777048597927911 0.895656032036387 1.22687833228278 1.43178022042188 1.55142938178237 1.33389529847829 0.971950928045427 1.21882034921938 1.1618027623801 1.27544687682473 1.06726716755309 1.05648925945986 1.35000715587721 1.31617649287886 1.11266751229059 0.9648629931194 0.984396844039761 1.84175465400613 1.17615834116449 1.02136836990532 1.14630450906969 0.844374527511241 0.987067420798818 1.7142746329165 1.06782167754554 1.06082975352197 1.22672315368734 1.00532758176758 1.11030361656428 0.804755322229974 1.1170627813989 1.087011431532 0.994584102659598 0.812811094983231 1.27945619966464 1.24876714998628 1.13900784376657 0.979651947402636 0.955363529058378 1.1410725957781 1.47956100538612 0.774493764152387 0.772976594461491 0.697221095651621 1.31828100946534 0.91360678857046 0.713561270619113 0.837204266373513 0.755371941181811 1.01603131379816 0.843538619326486 1.06550760983001 0.883065331594899 0.998674167615889 1.18178452102131 1.22167784772059 1.26820371407919 1.1246614618277 1.24326044876396 0.987145419374231 1.19170940109435 1.46662193817265 1.48907782401932 1.10105194695043 0.978387285878375 1.25996192925208 1.46862874684713 1.41403465512898 1.04053641655758 1.23101417458592 1.80813099379406 1.63944551363732 0.87561436751186 1.19326707282155 1.49418443833363 0.716090554224292 1.31104481562071 0.942639747154118 1.47409078080785 1.37867965278333 1.23161790312873 0.861925339251069 1.07939156046176 1.39438463811375 1.23731750418456 1.19358763441078 1.44424636996379 1.63508270875769 1.08642911748531 1.03257166034082 1.22588015356177 1.07612741289445 0.826011877763814 1.22789923020817 1.29060075112145 1.19168882100716 1.11287865939568 1.51752969317816 1.26861882387507 1.21827200800343 1.15358645308527 1.82731250051294 1.15683069099526 1.35952504049436 1.09896603694923 1.14286655773294 1.18516243586204 0.699665458984488 1.96588001209365 1.36945061216824 1.0931776673586 1.22371830138965 1.62835285577321 1.49442211929926 1.16600825647288 1.03526219488542 1.15830138896607 1.30234020560432 1.28638015783216 1.36384310046307 1.22724372034927 1.51976607481456 0.928226061886279 0.786729217428547 0.781072536229319
"Austen_SenseandSensibility" 0.967256401305586 0.744661182478771 1.07745131763458 1.21686179755797 0.862349406228822 1.01779479425397 0.436516047329063 0.392553679751556 0 1.18137270560897 0.995828318682531 1.32578027942334 1.51025527019849 1.25584352317893 0.898077917477152 1.19503359164689 0.998174950288887 1.01081305775805 1.29860366313637 1.18889542846307 1.14742681925081 0.959071769376165 1.18632042255239 1.22453216762975 1.43897262555423 0.85539582301668 0.799960838425017 0.956995800754613 1.31784364668199 1.42598261493254 1.55520294271038 1.4495604117719 1.0695839121766 1.26567841159002 1.22262919869658 1.35101167516922 1.08839255375054 1.08931092486658 1.39254932069622 1.38697331372759 1.19100532351892 0.989227582048453 1.01055918561377 1.90824799363786 1.20162692281717 1.13527758877777 1.23365680355238 0.939603895424351 1.07866211625472 1.79088511106547 1.14605822774653 1.12012880907738 1.26402742512596 1.06024739999091 1.21046747181162 0.907613689975937 1.13784105472884 1.13850521886627 1.08158045301509 0.944804458720168 1.35201045416377 1.32263390717659 1.15916233402598 1.10327582979432 1.05603442567946 1.26598745897933 1.56803314411979 0.860130122466608 0.866397053934405 0.693677398171191 1.36788828172749 0.954591619688387 0.779868011195228 0.901978082307146 0.817295400708907 1.08035319174676 0.93138531178169 1.07069610977597 0.918899653486849 1.12555105638544 1.15818116345219 1.22235894217842 1.32184911505757 1.20481743289744 1.30985004721041 1.08188959658398 1.17540767978603 1.52947683218937 1.53696839918834 1.11097462202167 1.02218848123732 1.36674907857851 1.56965509240395 1.50669406542038 1.11317707169112 1.26617233278965 1.86290306043174 1.73916149495983 0.931798864587774 1.2785919286051 1.53978872655152 0.808109104644308 1.37176238719457 0.977032665480089 1.51361834776365 1.40454514028557 1.25263422090657 0.919308594311469 1.15081626566984 1.50546191384159 1.31848917204488 1.27354578348147 1.43575254885874 1.67728565000129 1.14695841573197 1.09492784004275 1.27889194128033 1.12386388518173 0.926320197937487 1.23371336969201 1.39329788545195 1.27548673203871 1.18131975212798 1.56204898260814 1.33624851552919 1.29018103512415 1.19930787306568 1.82989996849582 1.25028834003162 1.45534902482919 1.14904002900388 1.23208994664242 1.24223913269933 0.795792707162606 1.9944503185524 1.45578664125383 1.14706307818246 1.27355753322145 1.65735682541521 1.58167533295901 1.22003954838984 1.04825943558379 1.26254547022138 1.26975853773669 1.29480567026842 1.39513005317313 1.28378798063559 1.55120925806977 0.997710502100512 0.759326347503018 0.825452977968456
"Barr_JanVeeder'sWife" 0.971307418987111 1.17852433358305 1.06917252272167 0.878748995734125 0.948182482654899 1.05036359241436 1.07926563612497 1.13543494156549 1.18137270560897 0 0.681587668503264 0.980732057884534 1.50475709022586 0.949826312784763 1.17825847979983 0.93649679377302 0.947588538508984 1.15764001281656 1.24451208937651 0.971664166632526 0.974709056499949 0.761372499900902 1.0954148324609 1.31217224855401 1.41589039273198 0.986306809474994 1.10075734388155 1.19250531140218 1.06432594730848 1.27576981266608 1.36256665136127 0.937866296796034 0.869607943505901 1.14627757295956 0.90355265551369 1.00350443017201 1.13178693151733 1.12687696919598 1.02781605053104 1.30994848306251 1.06980357231143 0.789485319000973 0.815281295458503 1.44574615422196 0.93753354251066 0.883864282363585 0.973038534505016 0.906142837282288 1.02073033104197 1.37254387404417 0.988911171683552 1.09042659495918 0.938765176228082 0.940099644971575 0.90613797806203 1.05651641302337 0.966426741288063 1.44310682713298 0.903710353566042 0.888057334544959 0.962131085801158 0.965598507938307 0.94575050172846 0.910336541902434 0.862039061405954 1.36812488236574 1.10620832200233 0.824872955767722 0.870149124356936 1.06049294896557 1.26822442533088 0.823752475129577 0.906221136343037 0.928123058296962 0.961953236695751 1.22110540490569 0.775642383012836 0.944065000931157 0.889110301766539 0.985023675048135 1.058995366762 1.09443243197887 1.37952686005595 0.97908046980435 0.984894169981267 1.01521974486898 1.12289915725504 1.13593320622575 1.25658203953563 1.02396458811947 0.976948426095742 0.906859810030615 0.907145346105617 0.964659779915096 1.09667499844712 1.16638127873358 1.42440832812255 1.26974919060455 0.716207316838096 1.18553463541711 1.13886319722941 1.08048773278977 1.12763769068589 1.22103308237719 1.30997851052239 1.0925878561402 0.936381432087067 0.972225244727367 0.783263531657919 1.33619314602829 1.09325169373253 1.17848044127432 1.41008028347145 1.46533416552617 1.03887043915619 1.04345650759301 1.20246929238483 1.12784228590122 1.04508598135662 1.22311605806133 1.11162390590584 1.22395009723953 1.15629802205609 1.05708630822545 1.02273025342225 0.967258319869392 1.2399243276812 1.68116945377929 1.00371756944032 1.00972720591868 0.976562116547773 0.891788939229992 0.941376782457471 1.07309309265833 1.47332936961666 0.95492080659995 0.841410880018366 0.866035930626952 1.19366429844382 1.13250742790966 0.970691070351779 0.980677868669899 0.906242381036321 1.23768753849231 1.22603154966622 1.04427787676931 1.00812980179532 1.20092372135178 1.1462455869862 0.846596779197636 0.829665974021894
"Barr_TheMaidofMaidenLane" 0.756416028080508 1.02496360866935 1.17112893534692 0.842327020030832 0.924732491880972 0.972489981334864 0.933391488878412 0.904839552384949 0.995828318682531 0.681587668503264 0 1.07224642308572 1.54713667758533 0.951719807863648 0.972244545618973 0.778466968468139 0.906519257240518 1.17235835100745 1.15028832111049 0.947394994636371 0.867376848110559 0.691845405828752 0.885572532853682 1.27659898299828 1.4171286279528 0.886597635056316 0.889226091860131 0.884378817590839 1.05112379534762 1.18314892827638 1.24399193942927 1.1234902649732 0.758917620064929 1.12841042970076 0.966177369972593 1.12226828314911 1.08168070427032 1.04692768253741 1.12902400761184 1.2855576574418 1.00372960622101 0.689218261489676 0.775363600192472 1.66658344943535 0.944418310753694 0.904206992808681 0.991988145143898 0.854009658093284 0.842023433085404 1.44866184032504 0.786004568539449 0.94108823976763 0.974120830790566 0.926317871052263 0.839962215348298 0.733538493689681 1.02974042025956 1.05833091161215 0.969815227703142 0.839873208246959 1.02252389160026 0.909936560765559 0.986773846390895 0.755482296332203 0.755706509669343 1.02751159640932 1.22808192745047 0.691083393455264 0.72943173142558 0.729513287126498 1.35851866973529 0.798118576318247 0.75557453685359 0.720708378838515 0.734991658820673 1.1275427927348 0.711853595587865 0.909563376985953 0.911551869294573 0.831279594485745 1.04874672200524 1.17134994486104 1.19898658599546 0.929810395977045 0.953748092732345 0.948911934406009 1.19148894897185 1.25350062096596 1.2328809184618 0.928196310488189 0.846761779471804 0.863499868839552 1.06951098130679 1.08755711611684 0.906394443846767 1.12184068995808 1.71329975743636 1.56266956449885 0.776967611061782 1.1714496646729 1.24855980419474 0.86063563408361 1.12161771543604 0.974657089539079 1.39020680558449 1.13229809211484 0.950708205873376 0.885822653536305 0.873483581999142 1.26804627183711 1.07088299116304 0.979845514492277 1.46716430052987 1.56377858916314 1.06363024260304 0.950965375407007 1.14163715676302 0.998576603161715 0.755871881857071 1.15195727990727 1.07319305441291 1.1711528568444 1.12131924632387 1.33026602805474 1.02755467176457 1.00726048944021 1.02151893190143 1.73685161594764 0.988933749801508 1.03838600829564 0.797618657914981 0.747005264689397 1.01408221114866 0.760916653427141 1.56849227722826 1.01621396452741 0.960990585305453 0.951081864854988 1.27744676180286 1.29232273383668 1.01678997279023 1.01689668524701 0.820189499027677 1.28690605260749 1.28746590044045 1.19670141151562 1.10760180785635 1.33544875574453 0.888736984964614 0.792652296983864 0.840627237878565
"Barrie_PeterPan" 1.20504939906965 1.44415555210332 1.30628886151153 1.07118327206609 1.12761086169681 1.24340665882752 1.32976522438308 1.23665073722203 1.32578027942334 0.980732057884534 1.07224642308572 0 1.44800288902693 1.00480144277932 1.21754929863553 0.984256118976866 1.17121744777392 1.3153704898421 1.24350894840638 1.13145248022923 1.13791983991993 0.958755674254243 1.19335582604638 1.50365237487271 1.59833663573862 1.20752346081425 1.31851886135125 1.42028245633771 1.12484216126494 1.08639967031892 1.16260421307352 0.969422441167102 1.01870403121944 1.30842715869526 1.02362690164513 1.06854081753427 1.20379460368234 1.16850435383334 1.06137367568717 1.39826571022113 1.21474008955793 0.893411901082156 0.911951538004896 1.41898338648412 1.08658066261642 0.917379728579075 1.0271804242069 1.05300426963602 1.18112330714023 1.26753990322086 1.09651007452108 1.16193755425087 0.863012265172158 0.917213874051615 1.03174240699706 1.28431306811428 1.10848857630567 1.65018627445151 1.06846882781064 0.997744147721943 0.986691941999313 0.988354113982575 1.0759811018084 0.759036728513119 0.678610465175383 1.62205546413686 1.21194617606592 1.05651747111466 1.0612396718939 1.322053983923 1.28906409116499 0.858859428799165 0.924768752501825 1.12534083261151 1.09541372728185 1.39505054237027 0.777731591989979 0.980082002977679 0.865049497593368 1.03565022487149 1.27074208869341 1.35719083278093 1.57537207727136 0.912042460582699 1.1029434885748 1.2215608979477 1.21011922756302 1.12942151846883 1.23582543574606 1.03544296365286 1.10111622886162 0.985122336335947 1.00560843491175 0.917849962796573 1.21774990921588 1.37916203576882 1.32337554506888 1.24047940955049 0.862098196144185 1.20293115481244 1.08232721597642 1.07917312767673 1.13190604547622 1.3222376951098 1.41331414912309 1.01072672561717 0.890941844681864 1.13935563316919 0.962219558517373 1.46998574514267 1.27975596526454 1.3056512684138 1.54173980793915 1.5325460164258 1.1587374840637 1.25052619630429 1.39843905537955 1.32540677669444 1.27135940116447 1.40886330265577 1.05920312444356 1.38940059483099 1.31633403226031 0.995781340337582 0.90252012909529 1.11821178615476 1.43314909721705 1.83264284692693 1.16913364357257 1.04567324582817 1.05503613556893 0.960314784678517 1.14116199870851 1.30253839105656 1.37755024774817 0.853640833682494 1.05102412625483 0.916186940631354 1.29576156948909 1.11527714914542 0.966924150651545 1.07594241225594 1.03289028402239 1.45976775601937 1.32936206210331 0.898194273798964 0.943513438923363 0.97567821850046 1.25970897750919 0.983183498399001 0.976052167155145
"Beckford_Vathek" 1.58209267288176 1.6350616459336 1.05960125970206 1.4494048361314 1.50980690165524 1.804156120146 1.59450559644452 1.47683953328026 1.51025527019849 1.50475709022586 1.54713667758533 1.44800288902693 0 1.07396128544092 1.26736930740554 1.30092119489031 1.4760207138596 0.955343834827586 0.875691046521227 1.23097217299298 1.24347790856622 1.23452986024375 1.48968654518642 1.21334491136249 1.23919937759208 1.27573415043837 1.47496773494707 1.63295050069327 1.21894242332784 1.64993962231555 1.74565125361113 1.49155043634311 1.33887817089077 0.830974734784635 1.16794441388605 1.27579335858489 1.29624150931621 1.26702203319496 1.30121547451358 0.758426564507964 0.914484848965952 1.49138032831024 1.49290592499739 1.25007336399463 1.16250180437436 1.11622772048487 1.46241830966366 1.10394981746763 1.050370847739 1.31863678578161 1.46868784041715 1.25835778015942 1.42883015616937 1.43650214836731 1.30864026347938 1.47516648196837 1.38390362173202 1.64016419714907 1.02103222537532 1.33086992950898 1.17357626642163 1.21196005073771 1.52660266036289 1.50178934756608 1.4912539317134 1.39130236385667 1.60683205018018 1.32964670975682 1.39279794974746 1.43033337356895 1.12581426811577 1.39204147838059 1.54206678925918 1.5038374420548 1.44720764242109 1.2040000792577 1.31999725222948 1.16807130686498 1.07569146877047 1.79271073133561 1.05674278035448 0.960402238177144 1.1080403289323 0.932217164619277 1.28051613320963 1.60076831176452 1.62618101587263 1.09469441898944 1.12364266341637 1.16964307102279 1.16013469175102 1.23176731222356 1.45609203178721 1.46892287446839 1.06282373775919 0.916797190610559 1.17899433427161 1.18341344270454 1.35170630989596 1.0462870650932 1.3198994214381 1.628480022997 1.08923362517568 1.17112025734207 0.826909200497625 1.00874961969454 1.19821936807979 1.16347376279069 1.01184615844274 0.93106280539406 0.934214954710861 1.12668626353511 1.02365575257515 0.868941823231445 0.950677030512211 1.19014855518701 0.767439988831914 0.971452666329498 1.14946643523341 0.806081883333916 1.88973574748124 1.07461702623034 1.29815637818133 1.37427843322151 1.14565483647732 1.1885411972891 1.00164470866959 2.47918898023792 1.21714484167571 1.3316814434582 1.56822287186674 1.31289527189484 1.0597704206606 1.29803126797341 2.04987540580047 1.37085722483678 1.06881994794292 1.3085779664285 1.3667211957912 1.29374722017333 1.156739072549 1.13828540541645 1.50246660290159 1.1466187093977 1.17761232179248 1.44849343036305 1.10919380179434 1.63526568539888 1.80014871291678 1.5932965604148 1.69582624256094
