"ABronte_TheTenantofWildfellHall" "Aguilar_HomeInfluence" "Aguilar_ValeofCedars" "Alcott_LittleWomen" "ATrollope_BarchesterTowers" "ATrollope_PhineasFinn" "Austen_MansfieldPark" "Austen_PrideandPrejudice" "Austen_SenseandSensibility" "Barr_JanVedder'sWife" "Barr_TheMaidofMaidenLane" "Barrie_PeterPan" "Beckford_Vathek" "Bellamy_Eleonora" "Bellamy_LookingBackward" "Bennett_GrandBabylonHotel" "Blackmore_LornaDoone" "Bonhote_BungayCastle" "Borrow_TheBibleinSpain" "Braddon_HenryDunbar" "Braddon_LadyAudley'sSecret" "Braddon_TheGoldenCalf" "Broughton_Alas" "Brown_ArthurMervyn" "Brown_Wieland" "Burney_Camilla" "Burney_Cecilia" "Burney_Evelina" "Cahan_TheRiseofDavidLevinsky" "Carroll_Alice'sAdventureinWonderland" "Carroll_ThroughtheLookingGlass" "Cather_Alexander'sBridge" "CBronte_JaneEyre" "Child_Philothea" "Chopin_AtFault" "Chopin_TheAwakening" "Collins_Basil" "Collins_TheWomaninWhite" "Conrad_HeartofDarkness" "Cooper_TheLastoftheMohicans" "Cooper_ThePioneers" "Craik_Agatha'sHusband" "Craik_JohnHalifax" "Crane_TheRedBadgeofCourage" "Crockett_TheRedAxe" "Dickens_ATaleofTwoCities" "Dickens_GreatExpectations" "Disraeli_Venetia" "Disraeli_VivianGrey" "DosPassos_ThreeSoldiers" "Doyle_TheDoingsofRafflesHaw" "Doyle_TheMysteryoftheCloomber" "Dreiser_SisterCarrie" "Dreiser_TheFinancier" "EBronte_WutheringHeights" "Edgeworth_Belinda" "Edgeworth_CastleRackrent" "Edgeworth_Leonora" "Eliot_Romola" "Eliot_TheLiftedVeil" "Eliot_TheMillontheFloss" "Fitzgerald_TheBeautifulandtheDamned" "Fitzgerald_ThisSideofParadise" "Ford_TheGoodSoldier" "Forster_ARoomWithaView" "Forster_HowardsEnd" "Foster_TheCoquette" "Freeman_Pembroke" "FTrollope_ACharmingFellow" "FTrollope_ThatUnfortunateMarriage" "FTrollope_TheWidowBarnaby" "Galt_AnnalsoftheParish" "Gaskell_MaryBarton" "Gaskell_NorthandSouth" "Gissing_NewGrubStreet" "Gissing_TheOddWomen" "Godwin_CalebWilliams" "Grand_TheHeavenlyTwins" "Hardy_FarFromtheMaddingCrowd" "Hardy_TessoftheD'Urbervilles" "Harraden_ShipsThatPassintheNight" "Hawthorne_TheHouseoftheSevenGables" "Hawthorne_TheScarletLetter" "Hays_EmmaCourtney" "Hogg_ThreePerilsofMan" "Hope_ThePrisonerofZenda" "James_PortraitofaLady" "James_TheAmbassadors" "Joyce_APortraitoftheArtistasaYoungMan" "Joyce_Ulysses" "Kingsley_AltonLocke" "Kingsley_Hypatia" "Kipling_Kim" "Kipling_TheJungleBook" "Lawrence_SonsandLovers" "Lewis_TheBravoofVenice" "Lewis_TheMonk" "London_TheCalloftheWild" "London_WhiteFang" "Lyall_WeTwo" "Mackenzie_TheManofFeeling" "Mansfield_TheAloe" "Martineau_Deerbrook" "Melville_MobyDick" "More_CoelebsinSearchofaWife" "Murfree_TheFrontiersmanl" "Norris_TheOctopus" "Norris_ThePit" "Opie_AdelineMowbray" "Orczy_TheScarletPimpernel" "Peacock_HeadlongHall" "Peacock_MaidMarian" "Peacock_NightmareAbbeyl" "Poe_TheNarrativeofArthurGordonPym" "Radcliffe_ASicilianRomance" "Radcliffe_TheMysteriesofUdolpho" "Rowson_CharlotteTemple" "Scott_Ivanhoe" "Scott_RobRoy" "Scott_Waverley" "Sewell_BlackBeauty" "Shelley_Frankenstein" "Shelley_Mathilda" "Sinclair_TheJungle" "SLewis_TheInnocentst.xt" "SLewis_TheJob" "Smollett_TheExpedictionofHenryClinker" "Stein_ThreeLives" "Stevenson_JekyllandHyde" "Stevenson_TreasureIsland" "Stoker_Dracula" "Stowe_UncleTom'sCabin" "Thackeray_VanityFair" "Trollope_TheVicarofWrexham" "Twain_TheAdventuresofHuckleberryFinn" "Twain_TheAdventuresofTomSawyer" "Ward_RobertElsmere" "Webb_GonetoEart" "Wells._TheTimeMachine" "Wharton_EthanFrome" "Wharton_TheAgeofInnocence" "Wharton_TheHouseofMirth" "Wilde_ThePictureofDorianGray" "Wollstonecraft_Maria" "Wollstonecraft_Mary" "Woolf_Mrs.Dalloway" "Woolf_Orlando" "Woolf_TotheLighthouse" "Yonge_Abbeychurch" "Yonge_Henrietta'sWish" "Yonge_TheHeirofRedcliffel"
"ABronte_TheTenantofWildfellHall" 0 0.933056330710699 1.12759718162925 0.961634439213398 1.03757940645315 1.02198386474653 0.920538493878011 0.916850888952747 0.964894148910384 0.968759083741724 0.75430705754528 1.20220228147142 1.5782833684884 1.17762067153972 1.05733760027788 0.968753834906229 0.867901095362204 1.16706031780585 1.26269255468477 1.10598949956003 1.00495324427781 0.893176706339093 1.06883157839737 1.14429668925181 1.33494036543075 0.85944502944659 0.841528647612161 0.734613330064171 1.09926596117433 1.3258426421135 1.30397901491261 1.238289041387 0.686632979997908 1.24227429236208 1.13648573666589 1.29507330219944 0.904826972848311 1.00620055341809 1.28464487552715 1.43731695939424 1.18358216288216 0.829731493467171 0.805939030780341 1.85444654100723 0.937167417092633 1.01300336180852 0.906100906553579 0.950771260234884 1.01976062499541 1.62665890912595 1.02185392658623 1.0516366769402 1.15997377952892 1.03302392790675 0.72090078689035 0.770610167925505 1.04108042712182 0.972609286399095 1.07923197559761 1.31286795904291 0.871796466842271 1.26189710612213 1.12418756684212 1.15378951515182 0.950225308613983 0.883823295806524 1.06061458492508 1.34839541117739 0.820997542039519 0.874557128609749 0.764543269952391 1.42680680775235 0.832578397958461 0.775290954574432 0.729875095868022 0.805573379715787 1.10958462859283 0.828694209208884 0.993972254253072 1.00932032238612 1.02759923882033 1.14385701279263 1.24352999513574 1.17463439603735 1.06878230146528 0.942793184088904 1.02472745803049 1.20671232690191 1.3494839394156 1.34861243510304 0.99930882608842 0.897751696009581 1.14846518591864 1.29040276452458 1.27746653212747 1.00752341343072 1.13695120864925 1.8161769673141 1.64001506293389 0.956837095446514 1.31944294036011 1.45170909331391 0.920354732599593 1.22702735475414 1.12528594858192 1.5304086097357 1.31087915913729 1.07207427094246 0.868429573651892 1.00503363914982 1.43211866352131 1.23310746766014 1.20593845640462 1.48064381576357 1.70050920169762 1.12194319567801 1.00171647975407 1.1911088686753 1.01503122071779 1.2156877981859 1.07142408668557 1.11396498898206 0.961023827014175 1.55429938667953 1.24916044601834 1.22971227343602 1.22510614056084 1.85549407919251 1.00507765916739 1.11853204303431 0.891475428284891 0.949417931941889 1.18432617748422 0.779400951294365 1.59569335208776 1.10726207121683 1.09775010811278 1.1479483488436 1.39738305846488 1.43825101424557 1.24028179674139 1.12046322174797 1.09130759970292 1.29824056784343 1.44357487599917 1.447948278525 1.23589646878297 1.53444398196573 0.934869403758665 0.82698775618859 0.850622958942515
"Aguilar_HomeInfluence" 0.933056330710699 0 0.935569176217986 1.13668551408888 0.985024750833677 1.13148408195964 0.742428893969661 0.762612563557176 0.742757621614736 1.17667941770872 1.02345991709673 1.44198436717458 1.63254646303812 1.31849407454118 1.11612468709484 1.29603542828245 1.08844249711832 1.05920020081035 1.46552343025389 1.24535691118919 1.16022008765875 1.06138017483777 1.23850695136557 1.35181697400056 1.50354815312771 1.01605053237887 1.01330873988718 1.09234730857187 1.41443994743775 1.55898468536922 1.54356775370198 1.45604534444053 1.0961875873216 1.31300238403325 1.27935171918935 1.29414517052429 1.11485339293108 1.20775911399467 1.56181596231402 1.47985814980828 1.32038291482371 1.01536477576331 1.08029627656707 2.03790273477083 1.29199635724201 1.25595968907108 1.29756588686485 0.960268569130312 1.20846108829371 1.90787549749911 1.27077873419206 1.25685257918135 1.35879330764995 1.14285926245585 1.15189327143266 0.995149799028724 1.34560659188975 1.22555665610077 1.15767306905084 1.41000748978957 1.0314712142003 1.4483525531446 1.36280029989924 1.24727066906054 1.16442463494324 1.09887177748623 1.26364374767245 1.52683952028388 0.95056816945335 1.00848805324413 0.819910541054624 1.47391526927218 0.97637141985019 0.853510400116668 1.06926300069877 0.951864278793012 1.20044246338909 1.02266168578423 1.23733071402977 1.06415178116444 1.21273301569108 1.25753892480666 1.31143452518952 1.36015175460795 1.34828633944189 1.35533214525266 1.16236665466441 1.27937218775051 1.51559197096823 1.63102100375549 1.24396163663981 1.11077521447936 1.4735035013287 1.54145276397695 1.52776358849295 1.33507726558318 1.31846677664963 1.908009326387 1.79099741888938 1.02473566275197 1.43786636957374 1.58077497173043 0.929514087397458 1.42474915550624 1.11697740005359 1.58115425476694 1.54705272428077 1.3763166872591 0.939162110838414 1.14172368708713 1.58062475971548 1.40095978169967 1.33322591323069 1.5395005934922 1.67075439890144 1.11616729275118 1.1180168588616 1.35481664222466 1.19193642265888 1.31046774313209 1.43551482886522 1.19933061676677 1.10421638287695 1.65147924658015 1.40588781487435 1.29000724528364 1.33944132149859 1.85854252622415 1.3239595510197 1.48014798360508 1.17357062375813 1.29869946293133 1.30174038068613 0.801527769508379 2.01706584994763 1.49912341073904 1.22746643849655 1.31226837543122 1.67019387259461 1.57078145732099 1.29323146915673 1.09833533180957 1.34227424669019 1.27948642270157 1.256623120076 1.49661264927158 1.36721783631988 1.54768899244415 0.993196623711035 0.828009247872186 0.864910636268962
"Aguilar_ValeofCedars" 1.12759718162925 0.935569176217986 0 1.24526570837988 1.02783751648128 1.3158776740228 1.09702399718746 1.05974604394593 1.07514672988962 1.0671707735773 1.16897922939025 1.30404262118765 1.05854615586492 0.951995945805484 1.01397912981419 1.10929942361997 1.13435415889719 0.65480865378428 0.986807372855706 1.04236893594309 1.01018940916964 0.968058482244839 1.23057039647764 0.957263911044241 1.02211629451753 0.962977914735245 1.12527007972648 1.27698680341332 1.17765893586394 1.57492152746095 1.67969407159181 1.32188147181879 1.04251741599963 0.816133069068067 1.02434859723403 1.18891027267283 0.992166281906056 1.04506327416804 1.22908698445847 0.91188200464257 0.917006346316404 1.07912328203979 1.07912519761558 1.46543628948116 1.01411873846011 1.01104993706247 1.2137436783357 0.842017194068824 0.942169231471969 1.5069593393252 1.22661783070905 1.06547155542966 1.23020257809856 1.14540667103205 1.05672045353788 1.14751810095085 1.19925595605309 1.26047104085995 0.82170495523564 0.929349279078053 1.04665127575411 1.09571438814223 1.14465505382129 1.24589221578005 1.26245690871651 1.14849870815097 1.1790405004625 1.46619604084199 0.960625141883701 1.04270445976341 1.07269327414529 1.07908691354059 0.937131759951218 1.04716927335813 1.16487389167447 1.13475688431925 0.964466895872226 1.02234704743942 0.952301631877353 0.800210899102686 1.40777604511101 0.854856076708917 0.790139985464533 1.00473315027543 0.94565994849014 1.04833463989184 1.24062350314022 1.30313104492184 1.09770481821874 1.20692902792463 0.976969472002054 0.866503446057877 1.15263176181227 1.3178399319876 1.41043871243489 1.02395891885601 0.849600929083553 1.33765839175918 1.30071426546504 1.00111668514423 1.09210175963978 1.40101576573103 1.21961099549597 0.99213853678809 0.948160969676041 0.891889631713243 1.10135532259827 1.11224251534592 0.846652863967724 0.812297115712673 1.12332041458447 0.986846269099421 1.0755679804855 1.04449467151364 1.08293621050555 0.769931654845025 0.959746991834026 0.810436482104606 0.854605362574615 0.834921415559259 1.5705374640287 0.768019631290178 0.909066739558626 1.32665735037291 1.14274763266681 1.14228734758924 1.02161579342102 2.19465978864869 1.02000171243374 1.1639256744038 1.22346088935922 1.15549088425239 0.983140722484177 0.907818366414568 1.88328931532931 1.258525458991 0.889500453653373 1.12347801767732 1.25234673946615 1.23556675692723 1.00733969902962 0.880889722311013 1.25269804777509 0.863692492157654 1.01364222994504 1.24211107549068 0.896686758851732 1.38228003619213 1.38836537143838 1.07183442999582 1.17864129348755
"Alcott_LittleWomen" 0.961634439213398 1.13668551408888 1.24526570837988 0 1.13429954707031 1.24696387690037 1.14155809863941 1.17519650644787 1.21549703138781 0.877267415272105 0.84140257318811 1.0688344183126 1.44615492809856 0.980005640603421 1.20114284344367 0.997589548293373 0.819265018249681 1.22945448807536 1.19657226542151 1.05268797112978 0.998380304657006 0.775156611502834 1.07195965549304 1.47283435212081 1.63882910886256 1.0391966010114 1.16778399343249 1.16998787376074 0.916270102414962 0.926440016163368 0.928257868581844 0.892804896728952 0.855235794840061 1.12261684850818 0.930168226900379 0.956408656986971 1.0441311762497 1.11937553954903 1.09721378622586 1.29798465154135 1.0177598667434 0.72207495461017 0.760076175594683 1.5867865750995 0.793166605180291 0.923609377902382 0.941886895818665 0.96815686702333 1.02502165576248 1.25090086847068 1.06429697206751 1.09618498933562 0.943490476502487 1.01467390674404 0.859108206396449 1.06098308455814 0.946736979187405 1.47243713529111 1.08027548001611 1.28955498281075 0.814986926703483 0.951334388946327 0.810705768208816 1.00013254138321 0.832166436414479 0.786075093315817 1.32794594098655 1.00138379523279 0.8631706047377 0.883910291099573 0.937740312781835 1.20491222175371 0.684450627426621 0.800944823508208 0.963857554935296 0.897331277425583 1.40835441279726 0.772682650343265 0.918725855538289 0.895466576293971 0.986350277684068 1.11059629384006 1.20868363313702 1.37676640939668 0.923089677340105 1.03512943024605 0.97378679531897 1.11509280072606 1.12365432867475 1.07009964736529 0.880535317522879 0.925173224105617 0.94990839350901 0.966807834722181 0.953640470645101 1.17716223256591 1.25773002632522 1.51176073891953 1.44317840572851 0.764234102157147 1.26848515757043 0.901496007731257 1.06090440586968 1.10081300872253 1.19134150482296 1.37652390924747 1.05553186926513 0.841613701290367 0.970210934688088 0.952459791663904 1.26487162374471 1.02129467424009 1.10678561652814 1.36361689361825 1.52198022339324 1.07539958578898 1.05998304138055 1.1905870980858 1.04594634486298 1.2198123702795 0.936228785315743 1.2281653896325 1.213829138595 1.34136086984592 0.886263995613996 0.797643448607692 1.23513327955866 1.70080686675028 1.05088576539551 0.910599833880976 0.982743675799849 0.665479485228792 0.869914647804959 0.985102590153897 1.29573833178218 0.90817004065607 0.928647533920559 0.786658351544161 1.26097325198156 1.11428912694048 0.952568397756105 0.963528392722455 1.01240909841026 1.31842352622997 1.32289258406751 1.08108586975067 1.04358138790266 1.32394886363737 1.03255717912676 0.801281034660044 0.919145873589043
"ATrollope_BarchesterTowers" 1.03757940645315 0.985024750833677 1.02783751648128 1.13429954707031 0 0.631591898174723 0.795099541681546 0.749974152085708 0.860003237865529 0.946683962866108 0.923319099153334 1.12620764682523 1.50787845200019 1.00725374290426 1.13232489586848 0.866500900944875 1.03963619655116 1.0112154707808 1.25926038318505 0.963718623558029 0.955548916467289 0.796511465211192 1.06844385436578 1.20309137928194 1.332114281324 0.910430999557351 0.944709595186861 1.00912348498325 1.13476659864832 1.41493763292591 1.559087945585 1.240688313325 0.994931150614585 1.2085431879751 1.03639009384025 1.19278287910312 1.09864891994882 1.04279007369464 1.17727472726891 1.27098444159785 1.03784820156706 0.873985492359416 0.921222341246955 1.60777358613996 1.05043272949558 0.884952511757218 1.00294499684291 0.915574096326068 1.02209571996969 1.46223984445392 1.02124297634391 1.06839273477054 1.03231299416422 0.865738799977378 0.995725587842105 0.867681174401904 1.07934439156406 1.32774073665903 0.875386130420237 1.33849227284651 0.773619862858907 1.12597804853552 1.10328669967834 0.980416100044351 0.919502202871966 0.937892722850738 1.29143962067142 1.28762580341765 0.596390209400327 0.642663655868299 0.811805135979073 1.31595221733391 0.914985228511283 0.786443336167063 0.823434664762326 0.915136661305987 0.967452902289388 0.830890801841426 0.90503131673425 0.850737195347565 1.05043516299789 0.97570276167815 1.06606315227563 1.34612864473081 1.04464063216859 1.06715844150007 0.971626609145508 1.09027009381767 1.26514514078939 1.34563896726301 1.09173769727083 1.0697399188392 1.13054320207993 1.3080297241769 1.18009042280626 1.11585683573403 1.16050106348491 1.66709629631522 1.52617750621682 0.78546720745003 1.16530713843135 1.4125415301328 0.875985875719135 1.24668714879811 1.04438776843057 1.3839976677316 1.16516196963252 1.10082740935711 0.920136167971523 0.887599424184031 1.24626905462484 1.14892035254883 1.10884444046784 1.44678328189419 1.64800486872383 1.08421657583327 1.01648836489786 1.16787746200004 1.03087547825186 1.17462189062685 1.3010725177252 1.24295276785255 1.23455198003984 1.40466073845444 1.17418189736241 1.11425925110879 1.08203096009181 1.87824892226621 1.01646841493894 1.22753063810689 1.11461754171363 1.06297730455142 0.986049939733646 0.804165021775022 1.86214971365056 1.23733642179563 0.913471275887967 1.05091985389644 1.46887659842876 1.30991799813212 0.948129139658772 0.905446600775826 1.0625552341673 1.29582670473919 1.32055266236706 1.199027315047 1.14981849795299 1.31391066832633 1.09194760306732 0.806236849502522 0.774975896013439
"ATrollope_PhineasFinn" 1.02198386474653 1.13148408195964 1.3158776740228 1.24696387690037 0.631591898174723 0 0.895685018966868 0.867103022065643 1.01587379630816 1.04886001355876 0.970910802127246 1.24150094135174 1.80106914556222 1.29272372299842 1.22189228761012 0.970957304272555 1.12254276994422 1.30589967466461 1.45792896082096 1.05133362481993 1.10063207422202 0.9183882302249 1.17585507292867 1.43215752166014 1.59053114703594 1.18201647039939 1.10609249721771 1.05453476030415 1.27676420522504 1.45836417536148 1.5650441858475 1.29021696675949 1.07135248965806 1.44359681838677 1.25445879220697 1.39600658092094 1.23695104138098 1.23798437318391 1.28949171220569 1.55023169501492 1.29115463468415 0.961637375446094 0.994198715598096 1.81740837082203 1.20308177033403 1.06556048307408 1.02102782967557 1.10406233423879 1.17003797304351 1.71874996144265 1.08933602831563 1.17182260600649 1.16405512026213 0.947322464830743 1.1192712465491 0.960349150876179 1.25079701496447 1.35994456904233 1.05921041943423 1.51708600310348 0.884450091865518 1.35333553406766 1.28338309722048 1.07334242384372 1.00193578882858 1.02662095376427 1.4692228578269 1.37346952796783 0.818918755787794 0.858707607413645 0.917858343349681 1.510635479366 1.03481269190074 0.844984293348654 0.773301221654291 0.861624626695915 1.18891204705565 0.927980376091113 1.08225427396882 1.06312696204228 0.978810603682344 1.23904913748751 1.3409766563907 1.55333809998146 1.28091871987451 1.1927696554911 0.953031612947798 1.13753297336701 1.48176965907039 1.59760784566178 1.25719205187549 1.1693686052696 1.25488020318452 1.4289750253297 1.35154467347917 1.28427846772922 1.47337023684557 1.87617163795151 1.69845724881564 0.962078844745098 1.37044458589433 1.67969375410168 0.858024396837096 1.42671552799748 1.28118104002913 1.67402367713444 1.43048650238927 1.27522618804439 1.16373395879456 1.1288321560436 1.56550341750863 1.45901454814838 1.3718652995102 1.62822128317546 1.93609792649298 1.34348539256709 1.25961396315568 1.44228900683265 1.27208465217334 1.44962524377044 1.25607330627622 1.45115963256232 1.32076456994102 1.42968965519782 1.43028182864574 1.38280488662433 1.36356154609074 1.98063232056529 1.19047447690949 1.38724168652745 1.09672451183321 1.18320915702964 1.26052754241045 0.912585550017648 1.84959375379077 1.34961579861823 1.18907581478296 1.25608440944503 1.63996951307422 1.48177043993215 1.23723748337945 1.19820015681322 1.0458668041807 1.53546959459492 1.58674119143736 1.38830204920433 1.39532849802435 1.47134280560946 1.06763447783699 0.918552006406569 0.797077410996876
"Austen_MansfieldPark" 0.920538493878011 0.742428893969661 1.09702399718746 1.14155809863941 0.795099541681546 0.895685018966868 0 0.504519273661297 0.43557428015233 1.0777970551861 0.932402367413139 1.32819201503209 1.59247927597256 1.22984890199621 0.97838934443998 1.1635143622586 0.956943260612045 1.03495165771257 1.31905190225269 1.13572543832019 1.1532081755166 0.871693488805984 1.14091212884731 1.18874222858069 1.43268069095299 0.911390102481091 0.902268219898572 0.976437550226496 1.25940571311925 1.43313504865874 1.54126479963576 1.41550426578062 1.00314495347351 1.30902353869985 1.21936265681657 1.26048592533903 1.13327959619763 1.14272082772434 1.36838624427675 1.44282549321339 1.20912251271673 0.907925177516432 0.977083743817516 1.90248749597961 1.1576409731858 1.07911315383385 1.17349546290925 0.912064896910223 1.08176961373028 1.77008518227419 1.12245479734246 1.0971451443906 1.20062784528665 1.00004118798427 1.17360606454205 0.931605140130997 1.14478986555244 1.16870600119458 1.03485614393546 1.3463361445251 0.889958970116187 1.32888810099604 1.29560738268004 1.0809171389426 1.09257027004706 1.01577790984275 1.27428422347755 1.52656940039797 0.808730139084381 0.824435038256757 0.709829063492159 1.38396507997351 0.917902954914961 0.710037421436687 0.867230296202328 0.789649890465627 1.08006908088235 0.883083401048554 1.06677436815448 0.957553203244724 1.08207107844583 1.06988132480801 1.14575156009174 1.35385568464257 1.21824445849106 1.27404486567057 0.98973564214794 1.16226836057301 1.49520551330549 1.54070099808506 1.14482924796388 1.08966637028946 1.33905331174574 1.51762063622587 1.46093254760949 1.19396832128401 1.3223073722316 1.88347391252065 1.73094141742597 0.835149671973932 1.33225244387494 1.49605820946845 0.787324468811914 1.34723632181478 1.0336768045155 1.51565886017239 1.38989828580272 1.23041345128807 0.95883903771305 1.11516100656562 1.49362862920377 1.33754599726025 1.23604680464394 1.43259704849064 1.68853889851038 1.18412556087228 1.09653713978014 1.28617136971523 1.11233187139068 1.25096827533491 1.3214509756926 1.30240957929412 1.18181250148628 1.53878202750955 1.33977488756972 1.20523421931949 1.22033341123789 1.79649211257091 1.19426720484169 1.36648824335105 1.13678892552106 1.18954569389127 1.18419385145241 0.799264630728157 1.95252958915623 1.38611709573319 1.11500560269169 1.21833305614996 1.57852156211696 1.55030662722785 1.24304154955418 1.05337206864629 1.23742854819081 1.27421022626528 1.28783971318546 1.3718963556107 1.22561774091479 1.5357417311688 0.92887009212732 0.634179074395003 0.74285718181274
"Austen_PrideandPrejudice" 0.916850888952747 0.762612563557176 1.05974604394593 1.17519650644787 0.749974152085708 0.867103022065643 0.504519273661297 0 0.39199814566733 1.13372212341482 0.90354346814522 1.23491079671645 1.47463194029745 1.22257548629396 0.892385381258306 1.08815661286647 1.04467710002155 1.01530350775728 1.2388748477289 1.10230570624416 1.07399159437592 0.853909772603306 1.10292000277648 1.2037104634427 1.39289641384551 0.882459818896858 0.77525348683184 0.892547008266557 1.22434644629677 1.42975907372549 1.5493879507645 1.33232551948744 0.969416025043963 1.21686129667894 1.16045393983108 1.27424075954335 1.06448052025601 1.05403292067636 1.34865464328632 1.31329275829143 1.11073374749287 0.963460178706974 0.982901677152059 1.83825920732589 1.17368786337249 1.01997991341819 1.14460384091608 0.842991906992102 0.985350492352814 1.71211290086006 1.06580553647906 1.05908121465463 1.22552672854303 1.00424615327293 1.10811237154787 0.802706443199772 1.11521894987352 1.08388096141366 0.992930458938498 1.29489115655128 0.811650677361167 1.27837674953029 1.24780652755887 1.1380473248309 0.977949701352966 0.954009742138604 1.13811346504815 1.47787508939897 0.773352193685585 0.77192200466292 0.69538419188738 1.31628125244351 0.912626458130931 0.712581258122826 0.835520593882358 0.754120235443074 1.01295262521755 0.842394343884807 1.06386475061433 0.881800465464506 0.997183548964869 1.17969297391291 1.2196938440246 1.2649608157948 1.12330741660173 1.24085355977404 0.985911523837425 1.18979829006842 1.46450997671138 1.4876521908425 1.09936049596251 0.977516308823804 1.25848445191153 1.4663044411941 1.4120827364571 1.03866585966313 1.22821875394816 1.80528299373847 1.63714351063348 0.874327781371725 1.19112445863483 1.49221536559311 0.71455539396702 1.30966975476921 0.940934550030958 1.47115494090675 1.37751620630435 1.23052078054307 0.860619768201273 1.0779247543947 1.39174028915498 1.23501727592125 1.19165623210991 1.44256585379073 1.63306408420076 1.08529698369687 1.03040250226186 1.22347431697306 1.07384814016497 1.2255983292691 1.28871317463907 1.18821513257144 1.10975381259355 1.51622871243169 1.26693489567413 1.21677153375334 1.15100042523632 1.82349117793194 1.15491631977123 1.35815799844277 1.0970822865817 1.14164969672899 1.18368060694953 0.698020274193673 1.96347550401477 1.36850957413825 1.09180409125572 1.22243396967666 1.62538265995295 1.49286296909061 1.16453338613464 1.03385459772172 1.15634447904173 1.29954190445758 1.28438046596617 1.36203009073154 1.22539044089901 1.51788043425661 0.925750836037844 0.785308608270985 0.779651614645044
"Austen_SenseandSensibility" 0.964894148910384 0.742757621614736 1.07514672988962 1.21549703138781 0.860003237865529 1.01587379630816 0.43557428015233 0.39199814566733 0 1.17962212924922 0.994628333548923 1.32397262688088 1.50784890521501 1.25472807449411 0.896611031622002 1.19313199397539 0.996026449612897 1.00907008748609 1.2967920821364 1.18743073274381 1.14557650378829 0.95787633487641 1.18470741984182 1.22108013774609 1.43490810997281 0.853640717897097 0.798220844406482 0.954202155453735 1.31512531079529 1.4240730651661 1.55331205314769 1.44789954367714 1.06703834853705 1.26357063407382 1.22117108172263 1.34956892668844 1.08559874442612 1.08663249476756 1.39117900028628 1.38393658791251 1.18896595500872 0.987808080671904 1.00901402805457 1.90466745262356 1.19931753386453 1.13378900019139 1.23179542540035 0.938009552238409 1.07673001525666 1.78861097087004 1.14388608363088 1.11833329405084 1.26282230926771 1.05902892390614 1.20812610752881 0.905672782949158 1.13612927776254 1.13572520360409 1.07984438639657 1.32566257607211 0.943549374586777 1.35094745182244 1.3215578066968 1.15834658233394 1.10162268353049 1.05469289388809 1.26300191698436 1.56602613287086 0.85880403697181 0.865180123880663 0.692032905092413 1.36618914993582 0.953862136600243 0.778950080739801 0.90030141083115 0.81613962205732 1.07715359414006 0.930174713969025 1.06918772099157 0.917625179392399 1.12411922169068 1.15586914357537 1.21999723573811 1.3185776514446 1.20318441152368 1.30729389958445 1.08049858345276 1.17376176470818 1.52712674313866 1.53544896034693 1.10921120526053 1.02117183545518 1.36518352359117 1.56720109976046 1.50460000850166 1.11119066301927 1.26324777330798 1.85989471637822 1.73665175679499 0.93058510591075 1.27626643231359 1.53791959635941 0.806612099488392 1.37031792461779 0.97500876167526 1.51054566375395 1.40337989563299 1.25162345781766 0.917880264983035 1.1491992976835 1.50262761556904 1.31611369523884 1.2715609966061 1.43389244068293 1.67514661057082 1.14576852318431 1.09269906461955 1.27627083780966 1.12142223455831 1.23122991343562 1.39144656487395 1.27181966380683 1.17801816170165 1.56067082041665 1.33451672563973 1.28856205104786 1.19630164204213 1.82625779870355 1.24832074847984 1.45374876112244 1.14725041133442 1.23075119472651 1.24061785972992 0.794200265741667 1.99206190221538 1.4547223399359 1.14553282670264 1.27236469457767 1.65450082936022 1.57999144617049 1.21861367573378 1.04697330363756 1.2604305985896 1.2669985429806 1.29270617456466 1.39329321992051 1.28193904687216 1.54916191346336 0.995511942696065 0.757981666136884 0.824078158222329
"Barr_JanVedder'sWife" 0.968759083741724 1.17667941770872 1.0671707735773 0.877267415272105 0.946683962866108 1.04886001355876 1.0777970551861 1.13372212341482 1.17962212924922 0 0.68033167113439 0.979087691428309 1.50242387247314 0.948035851614287 1.17652657536861 0.934503052670343 0.945082270515074 1.15593525061136 1.24229998074509 0.969951057743719 0.973044947767062 0.760178815007031 1.0939253081042 1.30879016764805 1.41205019994672 0.98471291303613 1.09899712293214 1.18956448153043 1.06136539979129 1.27284409038122 1.35974086643692 0.935891602689563 0.86672817758879 1.14409571040608 0.901960574530532 1.00187762441449 1.12790461618444 1.12355907183492 1.02567125195993 1.30743335567645 1.0678991248006 0.788146715845433 0.81369009516481 1.44293944630485 0.935222944236593 0.882400019344713 0.970358101418185 0.904645878807426 1.01921670929579 1.37056708619119 0.987447061093983 1.08873429771909 0.937046607682256 0.938733815009798 0.903964351809563 1.05464273807135 0.964339688037774 1.4399882312631 0.902208116161349 1.25352502727221 0.886717549052563 0.960246988922292 0.964292027240794 0.944275751287482 0.908656022740507 0.86028174714329 1.36486653992863 1.10391646453597 0.823843566765678 0.868682414864025 1.05851363302552 1.26560076080213 0.822665104245095 0.904908528640311 0.926809843281009 0.960033821985178 1.21832914782595 0.774333632075419 0.942468963617955 0.887658592315671 0.983142426925176 1.05728296906604 1.09260159307871 1.37582419768406 0.977453853646878 0.982036165648196 1.01331292169734 1.12045590130281 1.13381715619267 1.25477963203302 1.02150245814053 0.974994395420389 0.905293465467055 0.905765816578967 0.963138596901141 1.09464591606486 1.16389024222783 1.42200790722215 1.26689893047687 0.715035871227013 1.18366904534526 1.13692989342107 1.07859051021939 1.12600325132286 1.21895438074514 1.30723560688465 1.09071817151759 0.934793549863299 0.970475915099497 0.782077926146192 1.33361407688029 1.09107463200015 1.17636099371847 1.40742579076395 1.46341155301611 1.03689648755007 1.04097719434217 1.2005734077604 1.12576129626543 1.22123256699128 1.1090002913709 1.21991218102693 1.15253796136173 1.05562144792279 1.02096488068408 0.965446209494053 1.23784442010252 1.67713869568522 1.0012964207882 1.00779075747502 0.974534202368135 0.890159782634375 0.939834927999879 1.07125697389213 1.47074765286068 0.95367356707625 0.839504600171884 0.86485362821452 1.19036233453745 1.13018551009406 0.968686531879117 0.978896735309565 0.90476169782179 1.23433615418181 1.22334313929641 1.04255792874417 1.00631307596558 1.1989961123597 1.14389470668175 0.844958136525521 0.828400834266831
"Barr_TheMaidofMaidenLane" 0.75430705754528 1.02345991709673 1.16897922939025 0.84140257318811 0.923319099153334 0.970910802127246 0.932402367413139 0.90354346814522 0.994628333548923 0.68033167113439 0 1.07074587034787 1.54473427230678 0.95073482404262 0.970716319642756 0.777191243727255 0.904511529538304 1.17076026083996 1.14861452466762 0.946224324803664 0.866121730392285 0.690857456124507 0.88407414631076 1.27380108365689 1.4136185483705 0.885597421300417 0.888015467822986 0.882033544767294 1.04890980525284 1.18077478002634 1.24187789952964 1.12139903256169 0.756428164643391 1.12674909313201 0.96491538215964 1.12104379999174 1.07849443367663 1.04426510991882 1.1275727137214 1.28276973296083 1.00200729841328 0.68858272713714 0.77442179671602 1.66342819657318 0.942468926152298 0.902637349479107 0.989926307391177 0.852788478953135 0.840637766396722 1.44675311856937 0.78487379560655 0.939712301858725 0.972983389211764 0.925283404665803 0.838046182221124 0.73236629226934 1.0280343540958 1.05579633893301 0.968104747748409 1.34482446408724 0.838795109769202 1.02108079372598 0.909204160593494 0.985985210532766 0.754354162072546 0.754652565282496 1.02495107837306 1.22600018061204 0.690146813640455 0.728650392068034 0.728094428335471 1.35612579176766 0.797318010717206 0.754629633712164 0.719433874596659 0.733390618832017 1.12489987841228 0.710974760344475 0.908155238097375 0.910280074086866 0.82971404280392 1.04710805086403 1.16961959779028 1.19585011125083 0.928315186260552 0.951362776256905 0.947516370034323 1.1889176261418 1.25115114890026 1.2315880304193 0.926598565856555 0.845440915155066 0.862541590184606 1.06755989190028 1.08611719278105 0.904411999878397 1.11959992582119 1.71039801024854 1.5595895047812 0.775804023191973 1.16951377768134 1.24680734885294 0.858910855806966 1.12005731696974 0.973075488823164 1.38765231163627 1.1308923288613 0.949732028766511 0.884649151137817 0.872168847122554 1.26580174215405 1.06896565291194 0.978105838369942 1.46509970209436 1.5620617654863 1.06202447801296 0.949044755691298 1.13984530118512 0.99704310297446 1.15017220684105 1.07111766246627 1.16749978226168 1.11802178317074 1.32867074311196 1.02625772606526 1.00608143669261 1.0196416925691 1.73346256351187 0.987030990438087 1.03707904058859 0.7959629474057 0.7461798172433 1.01251361525334 0.759568409904363 1.56634365778469 1.01546379498772 0.959037226850521 0.950381173981479 1.27470271193713 1.28999638899202 1.01505381495036 1.01543304161877 0.818822051402509 1.28409914391719 1.28531884666027 1.19542043041875 1.10585255371333 1.33377256132895 0.886247381380816 0.791512721943813 0.839044719225736
"Barrie_PeterPan" 1.20220228147142 1.44198436717458 1.30404262118765 1.0688344183126 1.12620764682523 1.24150094135174 1.32819201503209 1.23491079671645 1.32397262688088 0.979087691428309 1.07074587034787 0 1.44540306814077 1.00285887441726 1.21519727889363 0.982391272802981 1.16767025909788 1.31337785789437 1.24094585048507 1.12886464883891 1.13541211632707 0.95675816881433 1.19181852681261 1.50013077015193 1.59389327009863 1.2053822573053 1.31652368571103 1.41696994745919 1.12109570632105 1.08395996359716 1.16000128365084 0.966759994233045 1.01568525464666 1.30570654575041 1.02162918647037 1.06649495692749 1.20007927138952 1.16534832662123 1.05868975871205 1.3955799427723 1.21253593637369 0.891975511114288 0.90991059127574 1.41571697227039 1.0836228182917 0.915374284096021 1.02404896195701 1.05077775398848 1.17904708505794 1.26551747920522 1.09450004379519 1.15975813789309 0.861304058770942 0.915906772386617 1.02907543739933 1.28207446114016 1.10554977701514 1.6470534260601 1.06648470288613 1.38741736898246 0.995837994650746 0.984541253184937 0.986770789707768 1.07362265156891 0.757589675780496 0.677086175909955 1.61874655949773 1.20958384567939 1.0546842412895 1.05941973578375 1.3196502278952 1.28548253178698 0.857301750882911 0.923193691040399 1.12337788066881 1.09303363619271 1.3917066393742 0.7761448196455 0.978276737646656 0.863602833984305 1.03373481390749 1.26857640694204 1.3548599256751 1.57117128893987 0.91031309115535 1.09975448684642 1.21895632656495 1.20709103454384 1.12712136167125 1.2335288220556 1.03274918571064 1.09903274236825 0.983344101293992 1.00377559868385 0.916422348351152 1.21520064205615 1.3757853112361 1.32105467536304 1.23743140288587 0.860241598006513 1.20038684066545 1.08048138362513 1.07753936218501 1.12978602408475 1.31989900460943 1.41051735334018 1.00858863445971 0.889037200985233 1.13747254260939 0.960488775480915 1.46724191461044 1.27727014091299 1.30325804147457 1.53812544767844 1.52991931942131 1.1564325049131 1.24804785957196 1.39605710142955 1.32296115543085 1.40653888224949 1.05617859929764 1.38510533243946 1.31250471475953 0.993912497552657 0.901083059185123 1.1163275110412 1.43038172798645 1.82816246772226 1.16631977751752 1.04316904087554 1.05268982631003 0.95848497746855 1.13885287175138 1.30045182421884 1.37503140579528 0.852478018138672 1.04861478926734 0.914588377191629 1.29210758760707 1.11277557477746 0.964743788299741 1.07394338939633 1.03082163059177 1.45568624116526 1.32673321474928 0.896708633363571 0.941964893527733 0.974417209421552 1.25733335110837 0.981682154160426 0.974335405410224
"Beckford_Vathek" 1.5782833684884 1.63254646303812 1.05854615586492 1.44615492809856 1.50787845200019 1.80106914556222 1.59247927597256 1.47463194029745 1.50784890521501 1.50242387247314 1.54473427230678 1.44540306814077 0 1.07189275513513 1.26504078049879 1.2987261187801 1.47220269230579 0.954340001888471 0.8741699224274 1.22843359700077 1.24080689521443 1.2323080319586 1.48782416683603 1.21057390500441 1.23608746539012 1.27347465187195 1.47253144051963 1.62896663108542 1.21599772460441 1.64638649664507 1.74210908749329 1.4881494668752 1.33600031524399 0.829925246183568 1.16581748147984 1.27388192238096 1.29238763007044 1.26397222954999 1.29875328865706 0.757484663490651 0.913313722997354 1.4887076252473 1.48965861652463 1.24760190606336 1.15962666320321 1.11453911291343 1.45901201147404 1.10233907777588 1.0490199722597 1.31658821701149 1.46647701351815 1.25631074067456 1.42630916894815 1.43406704949198 1.30592647456737 1.4723318750245 1.38046848455242 1.63673365299943 1.01952131900052 1.10640710174893 1.32885003415476 1.1716676629197 1.21013865274785 1.52440095006436 1.49908869966333 1.48866382665499 1.38880568218478 1.60415450613305 1.32771977493252 1.3906852774054 1.42754256589805 1.12298978796263 1.38942181518956 1.53936347189917 1.50139665879065 1.44445231082011 1.20125288096507 1.31775192309814 1.16615085616549 1.07399431661639 1.78961399846897 1.05557415063245 0.959751655795243 1.10526837941489 0.930818945930471 1.27729941912522 1.59736713386528 1.62239732069123 1.09288942492535 1.12162449831967 1.16688969062343 1.15795477434126 1.22998028344911 1.45384727599305 1.46659998212766 1.06077625086945 0.914561154133931 1.17751876439993 1.18136884250772 1.34940054166582 1.0446151667957 1.31805079582471 1.6259214040541 1.0881517112596 1.16939922506266 0.825964165845089 1.00715739505834 1.19621902180478 1.16161067839051 1.01056305748881 0.929664177808349 0.932801580801386 1.12496225353112 1.02171030063916 0.868000927642305 0.949219752999762 1.18833976946808 0.766396539402246 0.96964583875428 0.805323053035116 1.88549810772012 1.07148913140743 1.29484852959569 1.37233374673201 1.14382210315964 1.1867605725104 1.00015909840395 2.47316820571448 1.21512835657437 1.32914298414441 1.56507013770936 1.31038389491769 1.0579886184028 1.29576154259039 2.04591909303154 1.36873282952657 1.06719186982646 1.30636552300088 1.3638598552468 1.29143262766515 1.15471453971194 1.13680047660111 1.49999028691338 1.14394539709676 1.17619072129729 1.44637782735025 1.10795733574912 1.63315234288561 1.79661382006652 1.59073391899414 1.69262506318451
