"ABronte_TheTenantofWildfellHall" "Aguilar_HomeInfluence" "Aguilar_ValeofCedars" "Alcott_LittleWomen" "ATrollope_BarchesterTowers" "ATrollope_PhineasFinn" "Austen_Emma" "Austen_LadySusan" "Austen_MansfieldPark" "Austen_NorthangerAbbey" "Austen_Persuasion" "Austen_PrideandPrejudice" "Austen_Sanditon" "Austen_SenseandSensibility" "Barr_JanVeeder'sWife" "Barr_TheMaidofMaidenLane" "Barrie_PeterPan" "Beckford_Vathek" "Bellamy_Eleonora" "Bellamy_LookingBackward" "Bennett_GrandBabylonHotel" "Blackmore_LornaDoone" "Bonhote_BungayCastle" "Borrow_TheBibleinSpain" "Braddon_HenryDunbar" "Braddon_LadyAudley'sSecret" "Braddon_TheGoldenCalf" "Broughton_Alas" "Brown_ArthurMervyn" "Brown_Wieland" "Burney_Camilla" "Burney_Cecilia" "Burney_Evelina" "Burney_The Wanderer" "Cahan_TheRiseofDavidLevinsky" "Carroll_Alice'sAdventureinWonderland" "Carroll_ThroughtheLookingGlass" "Cather_Alexander'sBridge" "CBronte_JaneEyre" "Child_Philothea" "Chopin_AtFault" "Chopin_TheAwakening" "Collins_Basil" "Collins_TheWomaninWhite" "Conrad_HeartofDarkness" "Cooper_TheLastoftheMohicans" "Cooper_ThePioneers" "Craik_Agatha'sHusband" "Craik_JohnHalifax" "Crane_TheRedBadgeofCourage" "Crockett_TheRedAxe" "Dickens_ATaleofTwoCities" "Dickens_GreatExpectations" "Disraeli_Venetia" "Disraeli_VivianGrey" "DosPassos_ThreeSoldiers" "Doyle_TheDoingsofRafflesHaw" "Doyle_TheMysteryoftheCloomber" "Dreiser_SisterCarrie" "Dreiser_TheFinancier" "EBronte_WutheringHeights" "Edgeworth_Belinda" "Edgeworth_CastleRackrent" "Edgeworth_Leonora" "Edgeworth_TheAbsentee" "Eliot_Romola" "Eliot_TheMillontheFloss" "Fitzgerald_TheBeautifulandtheDamned" "Fitzgerald_ThisSideofParadise" "Ford_TheGoodSoldier" "Forster_ARoomWithaView" "Forster_HowardsEnd" "Foster_TheCoquette" "Freeman_Pembroke" "FTrollope_ACharmingFellow" "FTrollope_ThatUnfortunateMarriage" "FTrollope_TheWidowBarnaby" "Galt_AnnalsoftheParish" "Gaskell_MaryBarton" "Gaskell_NorthandSouth" "Gissing_NewGrubStreet" "Gissing_TheOddWomen" "Godwin_CalebWilliams" "Grand_TheHeavenlyTwins" "Hardy_FarFromtheMaddingCrowd" "Hardy_TessoftheD'Urbervilles" "Harraden_ShipsThatPassintheNight" "Hawthorne_TheHouseoftheSevenGables" "Hawthorne_TheScarletLetter" "Hays_EmmaCourtney" "Hogg_ThreePerilsofMan" "Hope_ThePrisonerofZenda" "James_PortraitofaLady" "James_TheAmbassadors" "Joyce_APortraitoftheArtistasaYoungMan" "Joyce_Ulysses" "Kingsley_AltonLocke" "Kingsley_Hypatia" "Kipling_Kim" "Kipling_TheJungleBook" "Lawrence_SonsandLovers" "London_TheCalloftheWild" "London_WhiteFang" "Lyall_WeTwo" "Mackenzie_TheManofFeeling" "Mansfield_TheAloe" "Martineau_Deerbrook" "Melville_MobyDick" "MLewis_TheBravoofVenice" "MLewis_TheMonk" "More_CoelebsinSearchofaWife" "Murfree_TheFrontiersmanl" "Norris_TheOctopus" "Norris_ThePit" "Opie_AdelineMowbray" "Orczy_TheScarletPimpernel" "Peacock_HeadlongHall" "Peacock_MaidMarian" "Peacock_NightmareAbbeyl" "Poe_TheNarrativeofArthurGordonPym" "Radcliffe_ASicilianRomance" "Radcliffe_TheMysteriesofUdolpho" "Rowson_CharlotteTemple" "Scott_Ivanhoe" "Scott_RobRoy" "Scott_Saint Ronan's Well" "Scott_Waverley" "Sewell_BlackBeauty" "Shelley_Frankenstein" "Shelley_Mathilda" "Sinclair_TheJungle" "SLewis_TheInnocentst.xt" "SLewis_TheJob" "Smollett_TheExpedictionofHenryClinker" "Stein_ThreeLives" "Stevenson_JekyllandHyde" "Stevenson_TreasureIsland" "Stoker_Dracula" "Stowe_UncleTom'sCabin" "Thackeray_VanityFair" "Trollope_TheVicarofWrexham" "Twain_TheAdventuresofHuckleberryFinn" "Twain_TheAdventuresofTomSawyer" "Ward_RobertElsmere" "Webb_GonetoEart" "Wells._TheTimeMachine" "Wharton_EthanFrome" "Wharton_TheAgeofInnocence" "Wharton_TheHouseofMirth" "Wilde_ThePictureofDorianGray" "Wollstonecraft_Maria" "Wollstonecraft_Mary" "Woolf_Mrs.Dalloway" "Woolf_Orlando" "Woolf_TotheLighthouse" "Yonge_Abbeychurch" "Yonge_Henrietta'sWish" "Yonge_TheHeirofRedcliffel"
"ABronte_TheTenantofWildfellHall" 0 0.928607123667891 1.12707967338379 0.957313382331798 1.03334829421979 1.01684926504789 0.969218453209115 1.07824411706077 0.906837220638528 0.87178146289453 1.06729605366437 0.907444692569912 1.08099193836645 0.95525639336454 0.966500591615619 0.752969989012898 1.20019470444654 1.57696203641834 1.17296009286989 1.06076110643218 0.967952798813951 0.86567363974198 1.16741292090303 1.26195618603137 1.09958386870347 1.00011560008801 0.894021685320313 1.06697459786922 1.14223844918741 1.335572698402 0.860342476742906 0.84156922685534 0.729355647560768 0.954556277706341 1.09316322950921 1.32401521672377 1.29981094975716 1.23396226592166 0.68516096733394 1.2391057605781 1.13310767400395 1.29037777279339 0.904162730613296 1.00163138675804 1.27913252042345 1.43618639677379 1.18257157661823 0.828766140358396 0.805185200367194 1.84828452656462 0.934237112523466 1.01030154158785 0.901718280630132 0.951350576173544 1.02121133782298 1.62014573318322 1.02018711573557 1.05129942787531 1.15811043278111 1.02896313988619 0.71809653085285 0.768311851092342 1.03964331401448 0.967613253285061 0.667536287704015 1.07752647021502 0.871038444061143 1.25464585152462 1.11728331308523 1.15031160806502 0.949737681031717 0.884488265205454 1.05666634562604 1.34119010822743 0.818229777889791 0.870172550785156 0.76185752612655 1.42378670247376 0.830726253571267 0.774528793865146 0.730004407384636 0.804543685237927 1.10889911264077 0.826892456644578 0.993240922567348 1.00682502426546 1.02727936216245 1.14424751234658 1.24256478814869 1.17322224355867 1.06590742662045 0.938408109341415 1.01880852353221 1.20376542664199 1.34292370015508 1.33957636043171 0.999410056821108 0.899429037553202 1.1443907882727 1.28917558602381 1.27130983508587 1.8094523747699 1.63387581594423 0.955384894015049 1.32025765926687 1.44404072770239 0.917704281801714 1.2254368219736 1.00756585723656 1.13559907810603 1.12759475552382 1.52606940078143 1.30383812999278 1.06677504659256 0.869201923064971 1.00110643253292 1.43177273626237 1.23337894934058 1.20409299310527 1.47862773731937 1.69460223869696 1.12129676000555 1.00264025335682 1.19259561598449 1.01582049664356 0.858433802119528 1.21767854457817 1.06706926351682 1.11218782658477 0.957952815496081 1.54845641969954 1.24354294443615 1.22501222604343 1.22745891982687 1.84597239274763 1.00230553161901 1.11121490912049 0.891436808145488 0.945656526950456 1.18125720568503 0.777777353497816 1.59006895038392 1.09928408125061 1.09445420427947 1.14436325659366 1.39275690365555 1.42995791272221 1.23399501687649 1.11809303432166 1.08950628174479 1.29709551151024 1.44312421513907 1.44242411131474 1.23417263491705 1.53107932272682 0.932272806951396 0.824706982748311 0.845920400771939
"Aguilar_HomeInfluence" 0.928607123667891 0 0.92665635294582 1.12359459249792 0.980275159828521 1.12597402541706 0.846879807756577 1.08123451304158 0.734875124999676 0.753377438484461 0.814774297457466 0.758538698678774 1.01813568972587 0.740082762480222 1.16837785907278 1.0169592861076 1.43157215557122 1.61854078818826 1.30419350844974 1.11192936887824 1.28688768317108 1.08572829220273 1.0512086402594 1.45445344160249 1.23611646897529 1.15136033095286 1.05523946561839 1.23193559886274 1.3421855300516 1.49639720937008 1.00868381845743 1.00699078501577 1.08908383100922 1.05739469779567 1.40008643608389 1.55140258022197 1.53512309288489 1.44455680780905 1.08817178897795 1.29777551614352 1.26599849339398 1.27920883164411 1.10798939395719 1.19808465546681 1.55213511088658 1.46678726467226 1.30792179260391 1.00844101884935 1.07375439247812 2.02370844657747 1.28068475546928 1.24485021349638 1.28951305219638 0.953551785026264 1.20135322045333 1.8910289884098 1.26620885574439 1.25086222524321 1.34793508708588 1.13495070908501 1.1410866958622 0.987522328092614 1.33565919036819 1.21452134836698 1.05360689343524 1.14795830967149 1.02417457820606 1.43144032904457 1.34515951613696 1.23967505733449 1.15648863654319 1.0910324268141 1.25469382420978 1.51139864168407 0.944749363672939 1.00052435808844 0.814794194006573 1.46246145493946 0.966107513075931 0.848917505434781 1.06519158703728 0.949162380131215 1.19534138236059 1.01285879756172 1.22778262454165 1.05238169052684 1.20841114243645 1.24942590115567 1.30115668462032 1.35191746066788 1.33472266002326 1.34467398038039 1.15522344697173 1.27121097061066 1.49650131705784 1.61076738207898 1.23400373618273 1.10155908496188 1.45893829558894 1.53071959472871 1.5125516074131 1.88844597813625 1.7733712186592 1.02054825406704 1.42939342565053 1.56453952542435 0.92524886858184 1.41080066564085 1.32660137524395 1.3064417355086 1.11112748332028 1.56521047337547 1.53004321475387 1.3609791746295 0.929751005398385 1.12828484616959 1.56966592211253 1.38869649659495 1.32402233841107 1.53100548917264 1.65300979366516 1.10351679622806 1.10784041731495 1.3436475471955 1.18296520664245 1.06294167705785 1.30049606403282 1.4298351004115 1.18960146866579 1.09517062128708 1.63927503664288 1.38985019415598 1.27320873662597 1.33410250374737 1.85045695731654 1.31408774629066 1.46486722682828 1.16807108343275 1.28644978760229 1.29046668054043 0.796205603696874 2.00174058387554 1.48142216130473 1.21539440877767 1.29801573931034 1.65951451892806 1.55133913101137 1.27898843040913 1.08695904691402 1.33384316694427 1.27198652871347 1.247202751476 1.48688242949687 1.35342869977242 1.53746908864737 0.991643488836399 0.823455943794972 0.862761139980547
"Aguilar_ValeofCedars" 1.12707967338379 0.92665635294582 0 1.24302134166532 1.02250464153833 1.30888613466447 1.25647466953206 1.27734812056969 1.08058424360865 1.05654388637006 1.03616642751432 1.04614213456165 1.03526838937193 1.06184248579413 1.06639842693331 1.16304497824716 1.30725751515304 1.05395966112411 0.950655896198985 1.01208273408797 1.1081780851147 1.13382642495956 0.651607808811743 0.983353344264747 1.03720915790258 1.00622487354883 0.9660964876081 1.22553561859011 0.954644523498576 1.02270037440266 0.961111841049359 1.12088055737 1.2693447800412 1.03321973538113 1.17524329921726 1.57542241001643 1.67752023647794 1.32227006810928 1.04200990403268 0.810792237608918 1.02312038654916 1.18743218981308 0.993626162676669 1.0434215758008 1.22808640178982 0.90871020518756 0.914331202439788 1.07836041116373 1.07999277877715 1.46208524212331 1.01285613196304 1.00878669448238 1.21514964590657 0.83807090164962 0.936706056968591 1.50393956867309 1.22166098097102 1.06486800578034 1.23228520504172 1.14331248610113 1.05616881925553 1.14203685624849 1.19937509107273 1.24871078006413 1.06115657683906 0.820807541662758 1.0455983913643 1.09207512481394 1.13952590416084 1.24446153310425 1.26055059605743 1.14846616847609 1.16704333048825 1.46347683528268 0.955900326354959 1.03774530131155 1.06505018887033 1.07933781671929 0.938609900869127 1.04637200562862 1.16156107947676 1.13149064801624 0.963231694192631 1.02172629843473 0.951521936192175 0.800868539110791 1.40639532574801 0.853984945696537 0.788872090013816 1.00116816601769 0.94210510109199 1.04911585267721 1.23926080960861 1.30507036800112 1.09165937192703 1.19926807586613 0.978326834135397 0.863863492795611 1.14891113256919 1.31551253656441 1.4082672775456 1.3307907695533 1.29648986874003 1.00047328460987 1.09090776382687 1.39590638781458 1.2141145799256 0.990291757486687 1.01687398938516 0.846302877233025 0.943740632972168 0.886801327714393 1.09695248061397 1.10960058216471 0.842977029442115 0.808990806463507 1.11783892428515 0.982472490155655 1.06786615986718 1.0440828152871 1.07533507938145 0.767022838503402 0.955933521662101 0.806803843061574 0.852668784384774 0.949710097311492 0.833561164369303 1.57000099786946 0.765787226114563 0.905986902975829 1.32646286188708 1.13820288959553 1.13667738521244 1.01828860789282 2.18679597701912 1.01877944400806 1.1629533085023 1.22059997613984 1.15414794779755 0.980155055764348 0.901104676970555 1.88280009874279 1.25543002666532 0.887420659280606 1.1221175060031 1.25321695090891 1.23033393260965 1.00526255321674 0.88101820259989 1.25048302720124 0.864884156961923 1.00971497434887 1.24042267024118 0.895730692097698 1.38297540198154 1.38335464162217 1.06878450081405 1.17368644215311
"Alcott_LittleWomen" 0.957313382331798 1.12359459249792 1.24302134166532 0 1.12586879668935 1.23554341252056 1.21492462436367 1.39207613233068 1.12019722468676 1.03828647883133 1.21735262688023 1.15855029690834 1.16192975871363 1.19800795066623 0.875224424639077 0.834544891248243 1.06729231870868 1.45093815634789 0.978078227228466 1.19697232153979 0.996211993090128 0.815574133577337 1.22846127912015 1.20016086828767 1.05230521568861 0.99866156722959 0.772225448839821 1.06694656916414 1.47206377624389 1.64033347327194 1.03612578912679 1.16065578186399 1.16092812984955 1.1631636740563 0.918078433005026 0.924889218195139 0.925956983031021 0.893692836561032 0.85491456848426 1.12343913124949 0.930521551829987 0.95519696925537 1.04569577481768 1.1184065880813 1.09812258747636 1.30058777662703 1.01919197472553 0.71854628109662 0.758048633676639 1.58619832529298 0.792438587729512 0.923294348222491 0.942036498192606 0.965526568252626 1.02477157987559 1.24898902183612 1.05852235235105 1.09422789640403 0.943726363252777 1.01282599797391 0.857972720764326 1.05373865204622 0.947587045652158 1.4593774694668 0.878618550795678 1.07834735215108 0.811301631713906 0.950830675996974 0.810933134479961 0.996328497939361 0.829252478720595 0.78151324203515 1.32137650164563 0.998803651311888 0.858882908028218 0.879077390082905 0.92911270414789 1.20545813724289 0.68106461672622 0.795870537107503 0.958884374286311 0.891187296300708 1.40667322355605 0.769168757377542 0.917966407143029 0.89382727831618 0.981048913181176 1.10927764696139 1.20514290538007 1.37737593136811 0.925285960617565 1.03434867471109 0.97036408500425 1.11411342130644 1.12429914219296 1.06762983802854 0.881490157433455 0.922029017168341 0.947871547765017 0.965394737642325 0.952851600764657 1.51006839642637 1.44321284994668 0.760965195108429 1.27169425472982 0.90046137364979 1.0494391434762 1.10171303234782 1.17309700477379 1.25944709426554 1.1883321289896 1.3778288642403 1.05566781863838 0.8419642151994 0.96874333500581 0.953046285027537 1.27249593040775 1.02286854841987 1.10878888647946 1.36561182396772 1.52269997027403 1.07674607974085 1.05912340207228 1.19126467046703 1.04734862306682 1.01429325696907 1.22330887244894 0.932719657501078 1.23154576789705 1.21140330730638 1.33932557015013 0.885770334083179 0.7967643805806 1.23618682043704 1.69297288152009 1.05205023339698 0.909025146498427 0.976904414838379 0.665574821377184 0.870333252473968 0.978481861020769 1.29628363882961 0.905461541999035 0.928863821203062 0.785825840374876 1.26195299456396 1.11145892050438 0.950183875583636 0.960316563886399 1.00966392347344 1.31803825738436 1.32258930863102 1.07639099061413 1.04217036014716 1.31958436151898 1.02184907080243 0.792874261205913 0.907666348986707
"ATrollope_BarchesterTowers" 1.03334829421979 0.980275159828521 1.02250464153833 1.12586879668935 0 0.627940247508649 0.851663008153023 1.16632971929476 0.78523613641736 0.822089372017216 0.807679816342845 0.74489563677729 0.968403067526725 0.853934441443456 0.939957269356318 0.915860498580327 1.11794468307843 1.49644387453934 0.995140315022762 1.12655413783723 0.857471830878258 1.03684742150443 1.0065667796346 1.25042289844407 0.955388864066118 0.948168358348481 0.790350595491799 1.0585285330934 1.20062328762146 1.32881580779215 0.904827049006144 0.939474990068652 1.00447243566947 0.99060991726182 1.12269099140455 1.40861303011761 1.55017018979285 1.23276513862274 0.988428000157 1.19761971730107 1.02603995220936 1.18263158083771 1.09388692987997 1.03508079936785 1.1692081855276 1.26095228201516 1.0282532206867 0.867364785989834 0.91613308780083 1.59339883208975 1.04015795074848 0.875094606598026 0.997494791348757 0.908473679028209 1.01363870868345 1.44622219955056 1.01320784201169 1.06387581173788 1.02224246053976 0.858817485060501 0.988046434912766 0.860903936533282 1.07223178028488 1.31715550942123 0.836619985356623 0.867266522992647 0.767288234157143 1.11094817362499 1.0879610816229 0.974941879843797 0.910706652018261 0.930988900012392 1.28199443867551 1.2755416730714 0.591501052056566 0.63774019579904 0.805667335239423 1.30863708018323 0.908832321173805 0.783406172318789 0.817852084373196 0.91063092087238 0.964941613679498 0.822884896405309 0.895964938743511 0.841816988612257 1.0469180601922 0.969067008983801 1.05761518121923 1.34077907167398 1.03312648306709 1.05677217253958 0.965211292220056 1.08376075828582 1.24868178139836 1.32833385845437 1.08490469380955 1.06116767986706 1.11745193037414 1.29834743578261 1.16661276885597 1.64950740943908 1.51054783309552 0.779288435229883 1.15909591081625 1.40007781447888 0.873686894527573 1.23553827278279 1.1054055337546 1.15124125977781 1.04105326328536 1.37062991474459 1.14964211092713 1.08840873369507 0.913615540203878 0.875539696406271 1.23688525939629 1.13844601581722 1.10170258684544 1.4406196888786 1.63442403034443 1.07614165157475 1.00883687231566 1.15912321101458 1.02361052369251 0.87758876074951 1.16758848145163 1.2958364232065 1.23662705390203 1.22641257667711 1.39294164498195 1.15997426972785 1.09884187208591 1.07881359787088 1.87207174096954 1.0082530257341 1.21584913888344 1.10763023805958 1.05311686585037 0.976571784716285 0.798858996892093 1.85212331223688 1.22341494711685 0.902552154219431 1.03899721228516 1.4613853785177 1.2936363105896 0.935161376815995 0.896980868027739 1.05225074796719 1.29057108943735 1.31187601493336 1.18657410727983 1.13796972373578 1.30210288987547 1.08575702419417 0.802064888768704 0.769259118373279
"ATrollope_PhineasFinn" 1.01684926504789 1.12597402541706 1.30888613466447 1.23554341252056 0.627940247508649 0 0.878560650594108 1.26839736988713 0.89055341484425 0.943961973284242 0.97552923414302 0.86353910285451 1.23318604454238 1.01223701220093 1.0402442130361 0.965447748146526 1.2307367678991 1.78990637917963 1.27903675834622 1.21689476367479 0.960479058500888 1.11872283520728 1.30067222439826 1.4487947048172 1.04203285165209 1.09213736459944 0.912343680254322 1.16842210625413 1.42962775438562 1.58639167785975 1.17553341290311 1.10117793888955 1.05224258115973 1.22645796438633 1.26290399803987 1.45119885742359 1.55476409552399 1.27786142474478 1.06455669855598 1.43155130364406 1.24159561189374 1.38324718390533 1.23024853321291 1.22922250203701 1.27922510307166 1.54029442020793 1.28065094158306 0.953992630488481 0.986555512614622 1.801184670142 1.19176251432916 1.05480252130776 1.01183743894507 1.09816502135504 1.16416905992137 1.70142613780314 1.08315533345703 1.16697677524478 1.15080092955306 0.93851928719859 1.10928202025762 0.953757778084778 1.24095624697233 1.35157606159153 0.975166722752116 1.04970632416608 0.875704733084706 1.33730916761435 1.26581075706167 1.06657631669758 0.992361485593432 1.01804057797434 1.46219797251013 1.35819358128703 0.813725567699237 0.852722657612976 0.91399991729215 1.50038502913779 1.02536691071354 0.839795549705196 0.767893501373589 0.857433836636788 1.1865774867689 0.91831953458037 1.07300031605456 1.05227598272628 0.974490000641992 1.23284956901363 1.33263530382503 1.54815467435178 1.26793996025843 1.1802486567079 0.944369985267808 1.1287070241528 1.46423279200221 1.57850796173486 1.24776173651141 1.1599645060905 1.24066495776119 1.41853469803098 1.3349979118186 1.85726844910361 1.68144632894477 0.956639234509534 1.36338734593378 1.66577933085806 0.855323719271126 1.41451355192493 1.27609256092515 1.46353643415566 1.27747931566541 1.6610169874925 1.41411915637229 1.26062924206726 1.15605620864441 1.11612649478377 1.55701657115794 1.44880192674792 1.36559942928749 1.61988232902154 1.92179786946717 1.33425529338801 1.25166890508901 1.4337018455009 1.26442720983544 1.00543969285139 1.44236766196609 1.24876604122537 1.44461040790467 1.31219776813441 1.41494180621544 1.4152137472536 1.36692409372893 1.3597585563106 1.97295464128639 1.18050174399825 1.37265197513449 1.08930090253714 1.17069233180928 1.24931166097161 0.910112009454745 1.8350549224305 1.33329419132505 1.17694058368058 1.24120830307157 1.63093018058291 1.46345149684766 1.22238140281427 1.18754613654986 1.03490438203269 1.52779904978991 1.57702834235461 1.37403143178647 1.38342634975629 1.45690754352369 1.0625264911699 0.914477627700489 0.791256062027959
"Austen_Emma" 0.969218453209115 0.846879807756577 1.25647466953206 1.21492462436367 0.851663008153023 0.878560650594108 0 1.05910719609168 0.438535835475445 0.564113420527442 0.607009753764603 0.584523587778182 0.873315860377765 0.620310599626988 1.14889656925385 0.964664993809782 1.37543709708137 1.78576193500609 1.37339920602536 1.09829568170155 1.16623153129026 1.08829579294062 1.25045715855428 1.45733466075685 1.23680927983918 1.24091190843473 0.972221450557553 1.18620910711428 1.38486492537948 1.61382339048247 1.05071279914781 0.963049076199599 0.98532687172023 1.14899561091073 1.34949753424599 1.46406711214656 1.5709374907261 1.48427051900113 1.08125012252367 1.45656610483957 1.31759988133918 1.42168073978588 1.27122885238987 1.28271284192026 1.48572283207082 1.60006555838104 1.38385138855798 0.948151867030436 1.0101214238478 2.02744164436109 1.29085375054306 1.20100163900125 1.28998974982913 1.08893054412941 1.20312783511249 1.8763003579617 1.12313868777031 1.22556313285784 1.29422375337733 1.1051518392666 1.25528228756793 0.969050419190462 1.31587978844359 1.24317461689675 0.997823319898919 1.20558577797397 0.99002656493889 1.46559623296876 1.36746149065421 1.18580442593174 0.988558104627229 0.960774349517206 1.33590950692936 1.61429787229639 0.85960491852545 0.851550823418546 0.774660354906326 1.598961628394 1.04209036298892 0.801074099399128 0.871487176764838 0.842966682114618 1.21035130519785 0.948447171525347 1.17066313827146 1.11919361564115 1.03720179594142 1.25809695935462 1.340036254592 1.52946791142002 1.36162139180061 1.3620846427425 1.01647765044055 1.28062740762606 1.65792800159185 1.68265217940963 1.29637723972181 1.23806510794924 1.38136185111294 1.55404288563402 1.54307486370689 2.05801210985819 1.91116108656887 0.96974356931353 1.4667577736747 1.62452995440998 0.788663562026438 1.48912512665495 1.28403784487109 1.48295178040505 1.13372876588466 1.69367098769607 1.52398128949387 1.29990870885222 1.11716756350513 1.24382174720854 1.60366770087238 1.46816852562748 1.35285256577009 1.65081857000343 1.92043421057049 1.40072584894303 1.23382667091171 1.44128166947559 1.3000858551424 1.02073868430424 1.46540337172075 1.35125495334543 1.4496261522564 1.33693119554122 1.7122981901577 1.45498461191805 1.31162453799303 1.37087398557543 1.69090875088346 1.31328059264858 1.45721617492974 1.23042549686428 1.24142136926897 1.33224168817159 0.874883396099771 1.93879696825994 1.46474147162671 1.24333228356837 1.337097280187 1.69657176382532 1.70182983747813 1.35010882281035 1.18569049147845 1.24907785488496 1.50723597429095 1.51132721613475 1.49879528906599 1.40275276900288 1.6337742520757 0.832679393048243 0.767308832127078 0.806171365546031
"Austen_LadySusan" 1.07824411706077 1.08123451304158 1.27734812056969 1.39207613233068 1.16632971929476 1.26839736988713 1.05910719609168 0 1.00432925811799 0.977647283048295 1.13613859994065 0.889064357279039 1.11922333851221 0.971050128886199 1.44377045223485 1.12006449132735 1.71714062892427 1.79549332327172 1.49557980298045 1.17015643030436 1.26784237372715 1.29438709584964 1.25561870779159 1.49277572300999 1.40251760712433 1.24619931020343 1.18553058116182 1.25836719428434 1.26303058577097 1.41230636679189 1.07001031021708 0.952766852322389 0.797655850048544 1.05271283858721 1.45321076400051 1.84184122600426 1.83486590049868 1.67742380010497 1.15015677081307 1.40642064130554 1.44236566663919 1.67941189969562 1.13474257096299 1.19629554470542 1.62919318746596 1.58193992307228 1.37522638865696 1.24548101464585 1.25482455141047 2.19664087299132 1.33057408825318 1.4178780279326 1.37376680228818 1.14657071603287 1.14894026818007 1.96364150062693 1.33340466769471 1.26451304976907 1.61733451831576 1.47239165076667 1.22776744124914 0.848247603203384 1.48377328150913 0.745432514576076 1.03052580136274 1.34390898058308 1.18908649341396 1.63370734457584 1.51954965117284 1.46724399684034 1.36910467101035 1.39175211784544 0.860470095933888 1.78892144414601 1.09683411817732 1.13415404290007 0.911873799639151 1.59972510221114 1.3171493179178 1.19658013892469 1.11036070127531 1.10459360032261 1.19371062094721 1.25024497670334 1.3109764052321 1.31650625236832 1.38596809510132 1.38881089026447 1.51468305884767 1.20316295088927 1.44665387569196 1.36239206988865 1.32422898411572 1.57388638678437 1.80683944324791 1.72599867456688 1.28458673807272 1.27059275194115 1.40749960135517 1.68193810944527 1.74930832692774 2.19148500761363 2.09021737277198 1.24914279591786 1.46397551183311 1.84496858973847 1.11173874129869 1.50528874414072 1.17938221958377 1.27866596353858 1.05820835497014 1.74653214473956 1.67618841508535 1.52433041366439 0.987558473309665 1.34191329911903 1.61632331642851 1.4228205199441 1.29676730305354 1.68236530524441 1.84304885605267 1.35030985857064 1.02117804814822 1.41478597965494 1.16253044819812 1.01287034106215 1.443178636968 1.6826309560067 1.27206812052785 1.23960700763081 2.05139811559209 1.56805950604486 1.47518679839524 1.24138612362754 2.18313180797895 1.3505793626659 1.62473395026281 1.21795670187709 1.43819260479554 1.52344239475864 0.865475983183806 2.19821840958778 1.75705050355051 1.43241029315175 1.54936982289135 1.79780451867013 1.84431194559612 1.53695551169806 1.29100839062623 1.40366652092601 1.34944319972503 1.63579053407107 1.809988202696 1.59871813893749 1.9913357201775 1.20248361867225 1.17700839776895 1.20030445738772
"Austen_MansfieldPark" 0.906837220638528 0.734875124999676 1.08058424360865 1.12019722468676 0.78523613641736 0.89055341484425 0.438535835475445 1.00432925811799 0 0.417550906971144 0.390415027899443 0.49914477640245 0.71912015565802 0.430903826291369 1.05997953302417 0.91759121346611 1.30806382902798 1.56917812754468 1.20471849221198 0.964256170460592 1.14409713515935 0.945568513608111 1.01896303236145 1.29813424965778 1.11822504264521 1.13538349725045 0.85546575952771 1.12310470268268 1.1746126788118 1.4171047971197 0.894573505258214 0.888856632283086 0.96700350722213 0.966866854489767 1.23525518757077 1.41749278721873 1.52343238842909 1.39517322809039 0.986024327120102 1.28513076028658 1.19628701688309 1.23641957156497 1.11662491606897 1.12406670949941 1.34760486449459 1.42018190017511 1.18674431958305 0.892135365493545 0.961500183718197 1.87759546695234 1.13557473158373 1.05794924973565 1.15589913380955 0.896108324464653 1.06443863347456 1.74241785519936 1.11048541847844 1.08183615892162 1.17922454910736 0.984028143390498 1.15430751245342 0.916012370927013 1.12461404827652 1.15546255805299 0.888838749729476 1.01568663012227 0.873762557212977 1.30105451872325 1.26809691698414 1.06408485909474 1.07560698899355 0.998872166720656 1.25950780242937 1.50250195590728 0.793723729450379 0.808114911867846 0.699591283740422 1.36242427483724 0.899225225768199 0.696555334429228 0.855413754247055 0.778976459796596 1.06754291905614 0.863150063300195 1.0474261157122 0.936230157235262 1.07119548815171 1.05276081383272 1.12679195805881 1.33662662351902 1.19433163580686 1.25452049725716 0.97530034916254 1.14552262497848 1.46672746193129 1.51075039677849 1.12541264108961 1.07172317693128 1.31560727255996 1.49707053782544 1.43630759603508 1.85460877599807 1.70332800508746 0.81917100643593 1.31405602982881 1.47021396996856 0.779921800084481 1.32341451606677 1.17675512591784 1.30107927170239 1.0199559403765 1.49042582810853 1.36174749131436 1.20448970297808 0.939393405489891 1.09113658027666 1.47278708779997 1.31538963961507 1.21739763621904 1.41460783006403 1.66167020855384 1.16245950659566 1.07679309848892 1.26680939559093 1.0934410156428 0.904996747369878 1.23152523262587 1.30972344563128 1.28416358720708 1.16600692319658 1.51596305821395 1.31309459450549 1.17759718702152 1.20567732901964 1.78726970399242 1.17472147638582 1.34204583475682 1.12474548386484 1.16769002205044 1.16300712046878 0.787175843050118 1.92899723378047 1.35928184579386 1.09209273959978 1.19410171031641 1.5572247253306 1.52133941281045 1.21804266844983 1.03118635880115 1.22048867464168 1.25753601522535 1.26949586733584 1.35091386479937 1.20152319879771 1.51573093343872 0.920071000394319 0.622105183706703 0.735936455410407
"Austen_NorthangerAbbey" 0.87178146289453 0.753377438484461 1.05654388637006 1.03828647883133 0.822089372017216 0.943961973284242 0.564113420527442 0.977647283048295 0.417550906971144 0 0.559926418555116 0.42352211644621 0.675200738770036 0.410637839010739 1.08147469912471 0.838284400280511 1.23143140514725 1.45885567794539 1.11923464364799 0.837539721283719 1.02601291863026 0.924609366831067 0.969825226448862 1.12896574842209 1.06991599823946 1.02631258361521 0.767958949062906 1.00192679361802 1.15237845206599 1.35948114242233 0.890164990241145 0.878635781547758 0.939172692725632 0.885061002529232 1.11358109939201 1.26475880182375 1.34789849350459 1.29422312153635 0.889073493689509 1.14988861449689 1.1152085653088 1.19352673459153 1.01173830113688 1.04055045207706 1.2311936062752 1.25759859158709 1.05949161386263 0.830297190720087 0.888957961190897 1.76441729865482 1.08036544413925 0.995722080035731 1.09379415840551 0.795250566378627 0.921314404309157 1.62388849726368 1.0287118232844 0.989077169508445 1.11849511563577 0.944363700310751 1.0780178361363 0.82006755863704 1.07777712418074 1.11873150487044 0.822465632354386 0.966494855945361 0.805744800853498 1.18884252192879 1.14826661278359 1.03009777868747 0.923392837428935 0.872631296770947 1.16255330135104 1.38111900368502 0.754902168762772 0.77339147960231 0.654381899802422 1.25280215083941 0.830446357540767 0.657442941762039 0.775071348789398 0.697641083907812 0.994812396161615 0.750061583152193 0.915652399711004 0.811265506485362 0.967506665956293 0.98336619825049 1.07389503543395 1.21079269572752 1.09060145198631 1.18368413196118 0.96343094428932 1.1256191412978 1.3570809051664 1.41024865791371 0.984249940644905 0.962934769558596 1.23156758374768 1.42970124606778 1.35726802570169 1.72959566326292 1.58122284251231 0.806052040620289 1.1738230614919 1.36275878374034 0.69997886886698 1.19806622642779 1.01543578717973 1.21436808246352 0.915815495456702 1.3539640492254 1.26253110288304 1.10581816455849 0.896804898321814 1.04226600836755 1.33475642810784 1.1751310765256 1.1414589319876 1.25703606092658 1.56839611448773 1.07102983939468 1.03171459448119 1.17078120799729 1.00460037161235 0.79177893118404 1.10575682261492 1.24145149368411 1.13183757899608 1.10649696387458 1.46000241648438 1.18979491882346 1.11909675363163 1.07011445714851 1.84207734174084 1.09565927298842 1.27028129192198 1.03713454607633 1.07679196591163 1.1100135752897 0.770251121480714 1.86042626969762 1.27426868212159 0.997656457687943 1.11684838696139 1.45907036398178 1.43763233227945 1.12118428791625 0.936827724072543 1.10323245199155 1.18217847259822 1.13530048264505 1.25729082059161 1.11060464805469 1.46372189055514 0.843783820473024 0.717422743049556 0.773133808485014
"Austen_Persuasion" 1.06729605366437 0.814774297457466 1.03616642751432 1.21735262688023 0.807679816342845 0.97552923414302 0.607009753764603 1.13613859994065 0.390415027899443 0.559926418555116 0 0.558639652948002 0.668720837224538 0.523588399500186 1.074779725431 1.04843702330271 1.2596774718379 1.4536183112196 1.17579703185544 0.979895036481181 1.19417796248119 0.963708207378906 0.939977489296971 1.21878782759923 1.08818092323523 1.11046728744519 0.887326905109571 1.21583793975634 1.20918189362254 1.41458335232549 0.955723035235968 1.02361761997131 1.10707871832594 1.08032518990386 1.18495917806404 1.43826539630369 1.56017111423797 1.38134850828438 1.07680975288618 1.25006526638013 1.14854359711706 1.19574108292006 1.16118317275179 1.13865691374435 1.31041132261255 1.32286160459581 1.14275028850101 0.972428027188726 0.9921932916656 1.71059016846141 1.1794362920305 1.04797324328852 1.18222304921443 0.927409351881594 1.10140331130709 1.67349824830407 1.21713194216744 1.12030677012442 1.18624366716707 0.992064874087679 1.20232169122187 0.993307784056302 1.12507645089087 1.23872782654244 0.957891482321694 0.986889481393616 0.885124561285591 1.21907353679501 1.2335095354451 1.05054492361358 1.09686926297626 1.01063690763895 1.31820848939244 1.5084198613541 0.776819926431094 0.82540864846682 0.814531922700606 1.30973699949631 0.899292660098308 0.786780170386039 0.978276552578852 0.884160594201199 1.0544282057023 0.862393363096994 1.02883217420448 0.848549422814751 1.1553338187323 1.05213552043539 1.06295879779246 1.36241857622063 1.15750206789577 1.27047485492811 0.995477776638766 1.16704348787127 1.41540542477085 1.46382713504554 1.10229416591375 1.09216407201293 1.30256910624417 1.43549166140825 1.39419614615412 1.69661576671621 1.57610941498862 0.823903412147973 1.23159297072711 1.4103421104857 0.897093710660288 1.26389412457335 1.2041158241925 1.3124102443949 0.964962668107832 1.37525639760311 1.29314936947647 1.16039925380527 0.97781758783958 1.04018230018643 1.40642712394149 1.27925545628919 1.23329112405191 1.38603473827128 1.57310424036481 1.13640031519211 1.10859949515053 1.24918996141166 1.10210024346776 0.96186627613675 1.18071141406556 1.31212904117319 1.27140734227977 1.18566078695431 1.36203709589079 1.21195897276277 1.11841437400985 1.19615383845438 1.79306264534152 1.19898322898272 1.34100618871823 1.20977059800789 1.19642623151724 1.1107740392983 0.87637327533903 1.92269647590868 1.34749398654952 1.01813572690797 1.18424604985415 1.49033773735666 1.49588062020356 1.11497166794722 0.985411645746867 1.28185863937739 1.25284701876345 1.17762714501305 1.27626349622228 1.12085887792462 1.46067796485039 1.07648081265846 0.81066076342133 0.849698072725816
"Austen_PrideandPrejudice" 0.907444692569912 0.758538698678774 1.04614213456165 1.15855029690834 0.74489563677729 0.86353910285451 0.584523587778182 0.889064357279039 0.49914477640245 0.42352211644621 0.558639652948002 0 0.738230359436356 0.389317312110307 1.12042871697605 0.893706162147498 1.21872423432352 1.45517010233936 1.20197886194764 0.88299876527847 1.07287675643801 1.03706152059802 1.00234781978736 1.22125348091107 1.08733969235673 1.05966877012503 0.841681622518967 1.0899683114585 1.19309688723088 1.38130854585011 0.869386157711177 0.766929896698759 0.888829384859478 0.958359275036851 1.20378210263396 1.41702461547873 1.53486111907054 1.31529868171931 0.956533014135581 1.19611978046815 1.14115673795873 1.25426003948125 1.05175777089796 1.03924329634651 1.33170136272396 1.29473563197939 1.09237286366338 0.950838319799441 0.970222243195177 1.81768309211184 1.15658017510212 1.00287764318727 1.13059316890618 0.83061695357218 0.972539534133492 1.6887656397515 1.05811853123938 1.04699832212552 1.2087660680631 0.993127447784954 1.09286041814588 0.792734761795254 1.09868949322602 1.07460887631339 0.858006701458286 0.978145159894041 0.799697808320228 1.25458520710383 1.22392557979346 1.1247124325768 0.964837243943623 0.941184097731961 1.12833133110881 1.45730168449142 0.762484413732929 0.759688960295264 0.688357716830363 1.29849314229397 0.898177116484832 0.703049589077409 0.827694936341277 0.746762271123075 1.00385961416266 0.82648485337121 1.04892974700422 0.864154574406961 0.991270695047409 1.16668413508351 1.2041426678222 1.25193447790221 1.10263441508144 1.22508401876642 0.973788757118374 1.17562687180747 1.43972271817702 1.46085072724351 1.08322518556604 0.96204402148326 1.23856206618763 1.45055759909266 1.39163984043644 1.78050059855054 1.61375955109878 0.862953362116059 1.17644634047419 1.47164288620135 0.711087138689305 1.28994604172753 1.02549276961901 1.21113701169843 0.929656118829017 1.44992907419604 1.35391655680452 1.20910790122643 0.845279740569735 1.05835018595771 1.37516427911464 1.21727582616335 1.17716516218547 1.42803541384109 1.60993775702723 1.06745562274292 1.01507407829386 1.20695332932986 1.0587582875625 0.813677435274777 1.20983446225341 1.27896785048285 1.17386848128543 1.09692221985963 1.49801335284689 1.24501864164975 1.19382202170595 1.13975041461382 1.81631988555127 1.1390425540978 1.33761355209458 1.08877496311523 1.12402544327964 1.16645271877377 0.690499388981291 1.94436802275299 1.34611937470819 1.07304931985461 1.20269140431244 1.60893019520073 1.46764925048097 1.14359567704097 1.01613800881361 1.14367410249669 1.28537386333 1.26876597422374 1.34540404394443 1.20567287276981 1.50200746055849 0.921756293019895 0.777900643071689 0.776211903543792
"Austen_Sanditon" 1.08099193836645 1.01813568972587 1.03526838937193 1.16192975871363 0.968403067526725 1.23318604454238 0.873315860377765 1.11922333851221 0.71912015565802 0.675200738770036 0.668720837224538 0.738230359436356 0 0.723285799130655 1.1648408730133 0.996157559574148 1.3235697240315 1.28958630821229 1.17620604492319 0.903025302493863 1.04621003869132 0.963401703892461 0.982791988535443 0.976566434197922 1.08026791144177 1.06071119640125 0.854209283325106 1.1471457731377 1.21150036720029 1.46047304074248 1.00989650156094 1.03843363859341 1.14085630084665 1.06025335425344 1.12547729840006 1.45921753396765 1.52469247115803 1.42806933921532 0.994076311370701 1.11343498001583 1.15234090478538 1.24493669688578 1.14678069888112 1.0731522682498 1.28246909575838 1.17881254646844 0.996502745810831 1.05368130070281 1.05073714621288 1.66135497746356 1.05376286702864 1.01566222612831 1.23681121967927 0.932008085832142 0.890451871392466 1.61141078036052 1.0615114112217 0.961125946749643 1.29766619282566 1.12156447696276 1.237696034351 0.980915492088707 1.14864800829016 1.15850880549125 0.897308420376106 0.950691025551916 0.917018984835755 1.22025993743697 1.14832837822242 1.15610725322645 1.09171244478647 1.00514867058486 1.1435471289487 1.60121235304071 0.823004634104006 0.891260300910537 0.892895707383916 1.2125486376663 1.00103976808652 0.93026759060654 0.981159811047812 0.940649465684732 1.10298372584036 0.931324548975684 0.964510040765199 0.938870638377085 1.21037955672098 0.973658668667932 1.04532885676661 1.19705206433975 1.04545165782908 1.21136686534684 1.17857863443497 1.30323032826849 1.40170703777546 1.35818880650885 0.909581961200388 0.923308493600557 1.14775188348171 1.3695931526798 1.44622932329474 1.70907047675978 1.63851870759344 0.943998928871106 1.10965215593908 1.3813505215908 0.933113000787453 1.19009849469843 1.10186369948159 1.35646883790402 0.817453276235134 1.27593005772761 1.25662983599688 1.18548082179363 1.03297892756351 1.08105400428125 1.2015637231208 1.09840533687353 1.03658040960085 1.23822479642319 1.53881934466285 1.16901511128865 1.08974195795775 1.08058287374954 0.913074811697772 0.742990626619531 1.05201576217184 1.27260061394106 1.18516701356071 1.28182303700065 1.4970829885016 1.10163288500087 1.06935150215275 0.973929938640274 1.9908559228332 1.0904820694894 1.28335376855371 1.10416637358923 1.07932351627387 1.12560607274407 0.914807341323635 1.9460730681654 1.43019128374652 1.00795639891014 1.25383125935066 1.4250043122754 1.56704568734518 1.14931756878038 1.02893879417347 1.21530174928064 1.22071805038439 1.2683760556838 1.40824099958579 1.11886216277292 1.61629665971879 1.12293826615104 0.951915259721987 1.07731915671871
