"Eliot_AdamBede" "Eliot_DanielDeronda" "Eliot_FelixHolt" "Eliot_Middlemarch" "Eliot_MillontheFloss" "Eliot_Romola" "Eliot_ScenesofaClerical Life" "Eliot_SilasMarner" "Eliot_TheLiftedVeil"
"Eliot_AdamBede" 0 1.28227990864613 1.26021551528853 1.25442624134856 0.713441505142077 1.38793737663155 1.0664423910641 0.929684719754721 1.97267016056737
"Eliot_DanielDeronda" 1.28227990864613 0 0.73577618058988 0.591916884022241 0.917873347301049 0.952931234113898 1.07747101709593 1.11063873558194 1.57374415028537
"Eliot_FelixHolt" 1.26021551528853 0.73577618058988 0 0.640108346053081 0.990779223399059 0.827594940232782 0.970066418455278 0.956326414607651 1.67589474366845
"Eliot_Middlemarch" 1.25442624134856 0.591916884022241 0.640108346053081 0 0.872418676388346 1.05214441112348 1.08274391056878 1.05193398400614 1.91001737628108
"Eliot_MillontheFloss" 0.713441505142077 0.917873347301049 0.990779223399059 0.872418676388346 0 1.14771976454812 0.868307206447841 0.823449300458243 1.71099648383225
"Eliot_Romola" 1.38793737663155 0.952931234113898 0.827594940232782 1.05214441112348 1.14771976454812 0 1.01404715315158 1.03801099014895 1.29686237223892
"Eliot_ScenesofaClerical Life" 1.0664423910641 1.07747101709593 0.970066418455278 1.08274391056878 0.868307206447841 1.01404715315158 0 1.0805151677382 1.52990701316923
"Eliot_SilasMarner" 0.929684719754721 1.11063873558194 0.956326414607651 1.05193398400614 0.823449300458243 1.03801099014895 1.0805151677382 0 1.75245542300658
"Eliot_TheLiftedVeil" 1.97267016056737 1.57374415028537 1.67589474366845 1.91001737628108 1.71099648383225 1.29686237223892 1.52990701316923 1.75245542300658 0
